0
0
0
0
0
10
96
120
35
369
413
228
87
197
363
133
82
0
30
0
0
0
0
0
0
0
0
0
0
9
82
240
316
265
412
419
425
434
398
275
136
90
47
0
0
0
0
0
0
0
0
0
0
41
135
241
323
241
375
294
471
219
314
99
94
148
36
0
0
0
0
0
0
0
0
0
0
33
147
203
327
349
409
472
210
224
390
327
230
109
24
0
0
0
0
0
0
0
0
0
0
25
113
116
109
386
447
229
469
286
64
232
173
132
1
0
0
0
0
0
0
0
0
0
0
14
56
132
106
70
123
195
140
306
128
222
174
64
8
0
0
0
0
0
0
0
0
0
0
42
122
167
324
188
374
313
460
416
264
317
169
144
20
0
0
0
0
0
0
0
0
0
0
39
83
205
327
246
250
353
472
436
329
243
115
121
45
0
0
0
0
0
0
0
0
0
0
45
143
146
183
387
343
241
429
398
234
270
155
131
46
0
0
0
0
0
0
0
0
0
0
36
56
181
205
363
443
459
355
254
333
323
227
42
37
0
0
0
0
0
0
0
0
0
0
37
76
233
257
394
407
471
450
295
386
201
165
123
22
0
0
0
0
0
0
0
0
0
0
43
121
214
169
166
184
398
285
256
391
304
234
140
44
0
0
0
0
0
0
0
0
0
0
42
134
238
148
364
344
454
464
199
215
273
135
143
43
0
0
0
0
0
0
0
0
0
0
42
128
216
299
257
442
449
393
190
395
139
117
142
42
0
0
0
0
0
0
0
0
0
0
40
121
190
167
227
430
183
394
429
166
299
182
108
42
0
0
0
0
0
0
0
0
0
0
41
117
229
177
162
293
182
293
172
226
274
130
141
38
0
0
0
0
0
0
0
0
0
0
31
134
235
323
238
413
465
423
355
366
318
138
135
34
0
0
0
0
0
0
0
0
0
0
18
22
225
282
184
436
96
464
339
201
125
142
130
20
0
0
0
0
0
0
0
0
0
0
38
104
235
309
149
347
225
468
171
381
318
199
105
38
0
0
0
0
0
0
0
0
0
0
35
100
169
305
162
438
424
238
419
331
270
233
109
37
0
0
0
0
0
0
0
0
0
0
32
124
198
266
391
373
457
401
441
239
284
232
72
35
0
0
0
0
0
0
0
0
0
0
31
96
151
310
193
274
402
454
281
264
313
137
131
34
0
0
0
0
0
0
0
0
0
0
34
99
133
133
152
201
221
201
240
171
217
150
130
31
0
0
0
0
0
0
0
0
0
0
27
130
85
309
312
432
430
419
402
330
217
205
42
30
0
0
0
0
0
0
0
0
0
0
29
117
230
312
215
375
235
353
434
388
213
183
133
32
0
0
0
0
0
0
0
0
0
0
31
121
224
160
203
200
228
440
280
306
243
222
132
31
0
0
0
0
0
0
0
0
0
0
27
99
175
253
276
404
383
439
402
205
220
190
120
29
0
0
0
0
0
0
0
0
0
0
26
61
227
202
287
291
450
457
358
381
315
158
111
28
0
0
0
0
0
0
0
0
0
0
27
111
130
270
372
435
213
257
392
381
290
222
122
28
0
0
0
0
0
0
0
0
0
0
26
119
173
150
314
434
314
194
342
316
309
215
122
27
0
0
0
0
0
0
0
0
0
0
14
86
149
254
382
436
125
454
188
308
157
128
2
16
0
0
0
0
0
0
0
0
0
0
21
112
224
306
384
355
429
405
396
329
263
218
126
23
0
0
0
0
0
0
0
0
0
0
23
90
170
265
161
416
434
355
434
357
311
197
123
23
0
0
0
0
0
0
0
0
0
0
17
96
131
137
146
170
185
185
170
146
137
131
96
11
0
0
0
0
0
0
0
0
0
0
20
99
221
305
361
189
391
442
385
334
223
196
118
20
0
0
0
0
0
0
0
0
0
0
0
83
185
288
171
369
453
456
424
208
258
220
120
0
0
0
0
0
0
0
0
0
0
0
0
33
212
291
307
285
456
296
378
221
289
177
118
0
0
0
0
0
0
0
0
0
0
0
0
117
166
306
377
194
413
177
429
162
239
197
101
0
0
0
0
0
0
0
0
0
0
0
0
93
130
136
144
168
183
183
168
144
136
130
93
0
0
0
0
0
0
0
0
0
0
0
0
96
165
178
165
166
177
178
167
150
179
130
100
0
0
0
0
0
0
0
0
0
0
0
0
101
193
302
143
338
213
316
330
364
275
159
101
0
0
0
0
0
0
0
0
0
0
0
0
90
208
288
374
424
453
272
286
336
270
169
83
0
0
0
0
0
0
0
0
0
0
0
0
111
205
256
256
361
423
366
393
271
298
211
111
0
0
0
0
0
0
0
0
0
0
0
0
104
180
180
208
166
182
269
264
264
204
158
109
0
0
0
0
0
0
0
0
0
0
0
0
109
136
149
281
169
241
220
161
184
198
199
104
0
0
0
0
0
0
0
0
0
0
0
0
74
155
284
362
173
427
197
422
172
263
197
93
0
0
0
0
0
0
0
0
0
0
0
0
98
204
120
319
400
372
442
366
358
98
172
88
0
0
0
0
0
0
0
0
0
0
0
0
104
204
158
246
417
446
420
161
310
237
149
105
0
0
0
0
0
0
0
0
0
0
0
0
4
74
239
364
400
100
303
400
338
218
172
48
0
0
0
0
0
0
0
0
0
0
0
0
6
56
26
222
247
274
61
189
202
150
17
12
0
0
0
0
0
0
0
0
0
0
0
0
87
187
286
364
402
425
361
278
329
240
98
96
0
0
0
0
0
0
0
0
0
0
0
0
33
41
168
300
405
440
437
368
200
111
58
37
0
0
0
0
0
0
0
0
0
0
0
0
97
168
138
254
157
168
182
258
231
187
136
93
0
0
0
0
0
0
0
0
0
0
0
0
95
196
204
198
275
433
167
331
144
279
184
79
0
0
0
0
0
0
0
0
0
0
0
0
86
46
272
228
242
190
404
221
301
272
155
92
0
0
0
0
0
0
0
0
0
0
0
0
82
185
52
255
308
397
384
361
173
269
162
89
0
0
0
0
0
0
0
0
0
0
0
0
61
0
132
50
315
398
243
283
129
147
45
2
0
0
0
0
0
0
0
0
0
0
0
0
0
104
73
299
286
159
64
307
30
137
91
43
0
0
0
0
0
0
0
0
0
0
0
0
85
102
197
329
362
240
430
403
295
266
170
40
0
0
0
0
0
0
0
0
0
0
0
0
51
185
275
157
391
415
165
335
341
268
126
75
0
0
0
0
0
0
0
0
0
0
0
0
68
138
276
187
285
365
410
401
272
276
100
64
0
0
0
0
0
0
0
0
0
0
0
0
46
179
246
328
331
424
184
386
347
132
182
77
0
0
0
0
0
0
0
0
0
0
0
0
80
176
163
206
316
406
223
372
337
230
148
38
0
0
0
0
0
0
0
0
0
0
0
0
39
118
78
86
232
346
333
279
58
73
99
2
0
0
0
0
0
0
0
0
0
0
0
0
68
179
269
333
244
360
421
392
208
269
178
62
0
0
0
0
0
0
0
0
0
0
0
0
75
151
268
318
385
321
402
346
261
151
161
69
0
0
0
0
0
0
0
0
0
0
0
0
17
130
253
165
257
278
419
246
239
266
176
66
0
0
0
0
0
0
0
0
0
0
0
0
58
146
257
218
294
162
203
387
285
260
133
65
0
0
0
0
0
0
0
0
0
0
0
0
65
24
262
236
180
403
318
84
302
180
167
12
0
0
0
0
0
0
0
0
0
0
0
0
55
170
208
285
153
254
330
191
209
257
151
69
0
0
0
0
0
0
0
0
0
0
0
0
65
152
258
150
188
313
209
334
164
151
167
43
0
0
0
0
0
0
0
0
0
0
0
0
3
63
173
79
138
197
252
252
91
191
133
42
0
0
0
0
0
0
0
0
0
0
0
0
0
84
104
130
192
64
140
137
124
68
65
18
0
0
0
0
0
0
0
0
0
0
0
0
52
159
214
181
340
380
398
186
296
254
125
59
0
0
0
0
0
0
0
0
0
0
0
0
41
161
143
209
331
338
403
248
326
252
150
61
0
0
0
0
0
0
0
0
0
0
0
0
59
146
130
153
144
165
155
240
161
175
125
51
0
0
0
0
0
0
0
0
0
0
0
0
32
100
233
316
188
202
398
165
322
203
137
57
0
0
0
0
0
0
0
0
0
0
0
0
56
140
241
189
256
391
322
145
187
197
151
40
0
0
0
0
0
0
0
0
0
0
0
0
31
134
244
299
354
356
282
364
242
232
154
51
0
0
0
0
0
0
0
0
0
0
0
0
46
58
172
301
354
364
196
319
311
94
50
8
0
0
0
0
0
0
0
0
0
0
0
0
50
151
231
314
219
152
233
366
218
238
117
49
0
0
0
0
0
0
0
0
0
0
0
0
47
127
199
313
168
389
260
294
178
169
147
48
0
0
0
0
0
0
0
0
0
0
0
0
45
129
238
172
363
355
298
349
243
238
147
47
0
0
0
0
0
0
0
0
0
0
0
0
37
141
229
309
337
333
228
271
206
233
134
42
0
0
0
0
0
0
0
0
0
0
0
0
38
76
190
263
302
214
378
356
266
135
139
42
0
0
0
0
0
0
0
0
0
0
0
0
42
119
151
161
137
160
190
155
218
168
93
39
0
0
0
0
0
0
0
0
0
0
0
0
40
92
154
221
154
154
166
218
116
197
127
36
0
0
0
0
0
0
0
0
0
0
0
0
37
98
114
117
138
152
152
138
117
114
98
29
0
0
0
0
0
0
0
0
0
0
0
0
30
50
225
210
257
353
374
348
195
171
108
33
0
0
0
0
0
0
0
0
0
0
0
0
24
51
204
288
222
272
298
282
256
94
50
27
0
0
0
0
0
0
0
0
0
0
0
0
28
47
177
292
287
364
357
263
282
205
130
32
0
0
0
0
0
0
0
0
0
0
0
0
25
115
195
284
334
259
278
344
218
206
130
28
0
0
0
0
0
0
0
0
0
0
0
0
26
100
178
278
340
170
343
246
266
219
59
29
0
0
0
0
0
0
0
0
0
0
0
0
27
124
191
242
243
368
356
220
288
213
126
28
0
0
0
0
0
0
0
0
0
0
0
0
25
116
103
204
153
139
141
153
208
171
112
21
0
0
0
0
0
0
0
0
0
0
0
0
9
15
91
106
161
161
222
273
147
94
53
10
0
0
0
0
0
0
0
0
0
0
0
0
23
114
204
254
199
323
174
128
154
202
119
21
0
0
0
0
0
0
0
0
0
0
0
0
20
86
165
174
196
167
141
129
111
194
96
15
0
0
0
0
0
0
0
0
0
0
0
0
19
111
188
181
277
312
342
272
226
173
102
20
0
0
0
0
0
0
0
0
0
0
0
0
0
89
160
255
290
346
350
175
194
203
99
0
0
0
0
0
0
0
0
0
0
0
0
0
0
58
11
245
188
98
326
102
179
72
0
0
0
0
0
0
0
0
0
0
0
0
0
0
0
112
155
271
265
161
344
321
194
190
69
0
0
0
0
0
0
0
0
0
0
0
0
0
0
106
192
265
294
248
275
230
265
193
44
0
0
0
0
0
0
0
0
0
0
0
0
0
0
110
176
206
287
346
326
280
258
161
109
0
0
0
0
0
0
0
0
0
0
0
0
0
0
108
179
146
252
344
178
318
131
156
104
0
0
0
0
0
0
0
0
0
0
0
0
0
0
79
147
135
242
342
306
307
227
168
92
0
0
0
0
0
0
0
0
0
0
0
0
0
0
91
192
247
168
295
164
294
260
178
72
0
0
0
0
0
0
0
0
0
0
0
0
0
0
100
115
164
119
133
129
120
200
159
102
0
0
0
0
0
0
0
0
0
0
0
0
0
0
75
96
101
122
136
136
122
101
96
75
0
0
0
0
0
0
0
0
0
0
0
0
0
0
100
172
244
201
154
127
242
202
120
93
0
0
0
0
0
0
0
0
0
0
0
0
0
0
76
146
140
164
157
218
147
213
185
76
0
0
0
0
0
0
0
0
0
0
0
0
0
0
97
173
148
194
330
329
220
111
173
80
0
0
0
0
0
0
0
0
0
0
0
0
0
0
85
176
243
189
195
178
246
223
132
95
0
0
0
0
0
0
0
0
0
0
0
0
0
0
88
168
249
117
313
290
203
195
82
93
0
0
0
0
0
0
0
0
0
0
0
0
0
0
44
136
244
251
167
263
130
215
158
74
0
0
0
0
0
0
0
0
0
0
0
0
0
0
47
130
188
266
319
137
286
217
100
85
0
0
0
0
0
0
0
0
0
0
0
0
0
0
86
173
237
190
72
237
262
58
159
86
0
0
0
0
0
0
0
0
0
0
0
0
0
0
78
162
236
242
128
272
268
214
122
80
0
0
0
0
0
0
0
0
0
0
0
0
0
0
25
119
234
273
232
224
290
218
150
85
0
0
0
0
0
0
0
0
0
0
0
0
0
0
76
169
235
255
259
309
283
238
131
64
0
0
0
0
0
0
0
0
0
0
0
0
0
0
80
159
237
251
308
256
214
234
158
82
0
0
0
0
0
0
0
0
0
0
0
0
0
0
58
163
143
232
206
303
270
199
151
73
0
0
0
0
0
0
0
0
0
0
0
0
0
0
43
10
89
195
260
279
45
73
27
5
0
0
0
0
0
0
0
0
0
0
0
0
0
0
15
36
57
74
84
84
74
57
36
15
0
0
0
0
0
0
0
0
0
0
0
0
0
0
34
38
67
140
118
78
41
116
51
11
0
0
0
0
0
0
0
0
0
0
0
0
0
0
12
49
207
112
167
97
249
175
105
28
0
0
0
0
0
0
0
0
0
0
0
0
0
0
63
115
125
105
116
205
148
169
136
58
0
0
0
0
0
0
0
0
0
0
0
0
0
0
19
55
208
246
174
292
260
129
146
66
0
0
0
0
0
0
0
0
0
0
0
0
0
0
37
155
179
143
296
297
127
153
137
64
0
0
0
0
0
0
0
0
0
0
0
0
0
0
59
130
191
117
115
123
122
149
130
65
0
0
0
0
0
0
0
0
0
0
0
0
0
0
64
106
147
208
118
122
108
200
152
68
0
0
0
0
0
0
0
0
0
0
0
0
0
0
66
75
106
123
168
184
136
116
133
65
0
0
0
0
0
0
0
0
0
0
0
0
0
0
66
135
213
265
290
204
158
174
83
42
0
0
0
0
0
0
0
0
0
0
0
0
0
0
5
146
49
258
148
172
167
193
147
41
0
0
0
0
0
0
0
0
0
0
0
0
0
0
46
137
169
220
286
251
141
159
133
38
0
0
0
0
0
0
0
0
0
0
0
0
0
0
62
144
141
253
122
271
149
88
70
56
0
0
0
0
0
0
0
0
0
0
0
0
0
0
59
117
142
194
184
280
244
172
93
59
0
0
0
0
0
0
0
0
0
0
0
0
0
0
29
142
210
224
211
234
203
156
120
59
0
0
0
0
0
0
0
0
0
0
0
0
0
0
59
89
151
101
168
107
185
101
102
53
0
0
0
0
0
0
0
0
0
0
0
0
0
0
56
128
195
164
279
270
239
175
125
55
0
0
0
0
0
0
0
0
0
0
0
0
0
0
56
109
192
133
107
272
182
196
113
57
0
0
0
0
0
0
0
0
0
0
0
0
0
0
36
128
157
179
269
215
223
146
111
42
0
0
0
0
0
0
0
0
0
0
0
0
0
0
55
130
105
238
108
265
116
201
119
55
0
0
0
0
0
0
0
0
0
0
0
0
0
0
39
117
153
190
272
130
236
115
128
49
0
0
0
0
0
0
0
0
0
0
0
0
0
0
19
3
148
54
68
237
185
133
48
39
0
0
0
0
0
0
0
0
0
0
0
0
0
0
1
100
80
94
256
169
247
193
130
50
0
0
0
0
0
0
0
0
0
0
0
0
0
0
51
93
167
152
202
172
143
198
129
36
0
0
0
0
0
0
0
0
0
0
0
0
0
0
0
59
172
177
140
266
149
137
132
44
0
0
0
0
0
0
0
0
0
0
0
0
0
0
45
130
169
235
267
251
239
185
124
50
0
0
0
0
0
0
0
0
0
0
0
0
0
0
47
124
86
139
123
110
145
121
79
48
0
0
0
0
0
0
0
0
0
0
0
0
0
0
44
119
84
160
162
147
215
80
93
46
0
0
0
0
0
0
0
0
0
0
0
0
0
0
31
88
176
240
264
96
240
189
68
31
0
0
0
0
0
0
0
0
0
0
0
0
0
0
45
117
186
210
263
105
167
193
90
42
0
0
0
0
0
0
0
0
0
0
0
0
0
0
46
47
173
167
238
193
141
192
116
43
0
0
0
0
0
0
0
0
0
0
0
0
0
0
38
125
191
155
210
250
238
171
65
44
0
0
0
0
0
0
0
0
0
0
0
0
0
0
45
125
108
214
226
261
226
191
114
19
0
0
0
0
0
0
0
0
0
0
0
0
0
0
3
42
43
236
244
134
236
47
92
26
0
0
0
0
0
0
0
0
0
0
0
0
0
0
18
42
103
216
260
222
235
186
88
30
0
0
0
0
0
0
0
0
0
0
0
0
0
0
31
123
176
213
259
140
235
181
123
11
0
0
0
0
0
0
0
0
0
0
0
0
0
0
26
26
188
97
232
255
217
133
66
33
0
0
0
0
0
0
0
0
0
0
0
0
0
0
39
102
150
230
108
255
213
102
109
33
0
0
0
0
0
0
0
0
0
0
0
0
0
0
19
73
142
160
186
255
42
145
37
25
0
0
0
0
0
0
0
0
0
0
0
0
0
0
34
110
187
198
223
162
205
154
116
41
0
0
0
0
0
0
0
0
0
0
0
0
0
0
34
108
184
224
212
241
232
158
103
17
0
0
0
0
0
0
0
0
0
0
0
0
0
0
21
116
154
66
234
167
208
123
63
0
0
0
0
0
0
0
0
0
0
0
0
0
0
0
8
30
52
69
79
79
69
52
30
9
0
0
0
0
0
0
0
0
0
0
0
0
0
0
38
90
91
226
199
244
202
168
112
36
0
0
0
0
0
0
0
0
0
0
0
0
0
0
38
117
182
119
236
237
174
159
120
39
0
0
0
0
0
0
0
0
0
0
0
0
0
0
27
111
135
117
253
195
219
61
115
4
0
0
0
0
0
0
0
0
0
0
0
0
0
0
19
4
82
203
154
247
135
150
16
14
0
0
0
0
0
0
0
0
0
0
0
0
0
0
27
97
170
126
254
235
166
181
70
10
0
0
0
0
0
0
0
0
0
0
0
0
0
0
38
108
184
226
253
253
125
154
102
40
0
0
0
0
0
0
0
0
0
0
0
0
0
0
40
92
152
159
164
97
89
103
94
35
0
0
0
0
0
0
0
0
0
0
0
0
0
0
40
102
147
130
97
175
88
84
77
40
0
0
0
0
0
0
0
0
0
0
0
0
0
0
40
84
124
136
98
248
224
177
100
36
0
0
0
0
0
0
0
0
0
0
0
0
0
0
34
119
164
132
192
190
217
146
108
15
0
0
0
0
0
0
0
0
0
0
0
0
0
0
39
119
184
155
254
178
218
171
86
40
0
0
0
0
0
0
0
0
0
0
0
0
0
0
37
120
182
217
250
235
226
140
120
41
0
0
0
0
0
0
0
0
0
0
0
0
0
0
41
119
184
105
123
97
222
142
118
41
0
0
0
0
0
0
0
0
0
0
0
0
0
0
41
65
185
152
224
116
89
184
120
36
0
0
0
0
0
0
0
0
0
0
0
0
0
0
41
120
166
193
152
152
93
169
121
38
0
0
0
0
0
0
0
0
0
0
0
0
0
0
22
70
129
208
207
114
232
156
53
39
0
0
0
0
0
0
0
0
0
0
0
0
0
0
26
14
61
224
254
218
229
120
95
42
0
0
0
0
0
0
0
0
0
0
0
0
0
0
35
75
160
209
246
238
211
187
99
36
0
0
0
0
0
0
0
0
0
0
0
0
0
0
27
111
145
151
257
209
220
187
80
36
0
0
0
0
0
0
0
0
0
0
0
0
0
0
42
114
188
117
150
231
111
170
117
35
0
0
0
0
0
0
0
0
0
0
0
0
0
0
25
95
108
227
185
241
104
166
31
31
0
0
0
0
0
0
0
0
0
0
0
0
0
0
8
121
165
217
259
65
57
96
113
4
0
0
0
0
0
0
0
0
0
0
0
0
0
0
17
43
184
235
182
256
221
141
113
3
0
0
0
0
0
0
0
0
0
0
0
0
0
0
24
122
185
113
221
121
198
175
118
19
0
0
0
0
0
0
0
0
0
0
0
0
0
0
41
119
150
155
153
228
212
164
82
38
0
0
0
0
0
0
0
0
0
0
0
0
0
0
39
87
119
125
211
205
238
162
110
26
0
0
0
0
0
0
0
0
0
0
0
0
0
0
42
125
184
196
262
124
100
75
127
30
0
0
0
0
0
0
0
0
0
0
0
0
0
0
47
120
187
143
263
103
98
124
128
46
0
0
0
0
0
0
0
0
0
0
0
0
0
0
45
79
87
91
103
103
91
85
80
40
0
0
0
0
0
0
0
0
0
0
0
0
0
0
10
62
100
62
79
159
33
56
7
7
0
0
0
0
0
0
0
0
0
0
0
0
0
0
50
129
152
96
104
128
209
101
125
47
0
0
0
0
0
0
0
0
0
0
0
0
0
0
41
124
95
227
139
175
242
109
118
48
0
0
0
0
0
0
0
0
0
0
0
0
0
0
51
126
187
177
120
218
109
75
122
34
0
0
0
0
0
0
0
0
0
0
0
0
0
0
48
127
193
108
264
181
151
168
110
37
0
0
0
0
0
0
0
0
0
0
0
0
0
0
53
100
185
198
265
148
114
194
134
43
0
0
0
0
0
0
0
0
0
0
0
0
0
0
54
133
201
126
104
241
128
166
135
45
0
0
0
0
0
0
0
0
0
0
0
0
0
0
1
66
178
203
270
102
155
176
134
23
0
0
0
0
0
0
0
0
0
0
0
0
0
0
48
75
85
153
272
270
88
43
117
37
0
0
0
0
0
0
0
0
0
0
0
0
0
0
50
77
159
98
275
270
108
126
133
18
0
0
0
0
0
0
0
0
0
0
0
0
0
0
23
137
202
123
270
140
194
170
104
49
0
0
0
0
0
0
0
0
0
0
0
0
0
0
58
71
180
177
109
183
100
144
118
58
0
0
0
0
0
0
0
0
0
0
0
0
0
0
49
84
88
97
110
110
97
88
84
49
0
0
0
0
0
0
0
0
0
0
0
0
0
0
6
103
69
209
275
245
249
72
37
49
0
0
0
0
0
0
0
0
0
0
0
0
0
0
7
78
120
214
273
92
123
141
138
55
0
0
0
0
0
0
0
0
0
0
0
0
0
0
2
43
162
214
127
183
127
178
28
3
0
0
0
0
0
0
0
0
0
0
0
0
0
0
20
37
154
202
250
197
180
214
140
21
0
0
0
0
0
0
0
0
0
0
0
0
0
0
65
48
214
234
258
249
259
133
83
50
0
0
0
0
0
0
0
0
0
0
0
0
0
0
66
78
117
107
219
262
175
217
104
61
0
0
0
0
0
0
0
0
0
0
0
0
0
0
60
149
198
264
152
112
117
181
104
55
0
0
0
0
0
0
0
0
0
0
0
0
0
0
63
30
216
260
276
223
246
76
27
26
0
0
0
0
0
0
0
0
0
0
0
0
0
0
49
80
180
27
141
126
208
23
52
33
0
0
0
0
0
0
0
0
0
0
0
0
0
0
55
135
208
231
254
280
175
148
129
56
0
0
0
0
0
0
0
0
0
0
0
0
0
0
16
39
61
79
89
89
79
61
39
16
0
0
0
0
0
0
0
0
0
0
0
0
0
0
64
134
213
46
125
233
213
150
152
40
0
0
0
0
0
0
0
0
0
0
0
0
0
0
25
150
161
136
122
283
239
225
141
10
0
0
0
0
0
0
0
0
0
0
0
0
0
0
9
154
45
92
104
302
268
108
159
71
0
0
0
0
0
0
0
0
0
0
0
0
0
0
77
130
222
112
155
195
203
212
156
64
0
0
0
0
0
0
0
0
0
0
0
0
0
0
80
155
196
276
306
117
116
228
152
70
0
0
0
0
0
0
0
0
0
0
0
0
0
0
52
159
208
281
307
259
128
154
82
80
0
0
0
0
0
0
0
0
0
0
0
0
0
0
18
40
63
81
91
91
81
63
40
18
0
0
0
0
0
0
0
0
0
0
0
0
0
0
63
87
28
221
91
268
171
125
96
56
0
0
0
0
0
0
0
0
0
0
0
0
0
0
56
162
214
287
215
229
165
208
116
57
0
0
0
0
0
0
0
0
0
0
0
0
0
0
66
90
94
114
128
128
114
94
90
66
0
0
0
0
0
0
0
0
0
0
0
0
0
0
40
37
108
204
227
77
222
119
10
38
0
0
0
0
0
0
0
0
0
0
0
0
0
0
65
40
67
274
119
249
161
102
136
78
0
0
0
0
0
0
0
0
0
0
0
0
0
0
89
166
246
266
317
303
283
241
108
71
0
0
0
0
0
0
0
0
0
0
0
0
0
0
69
174
72
162
299
323
203
241
117
76
0
0
0
0
0
0
0
0
0
0
0
0
0
0
42
32
248
294
277
84
297
239
90
73
0
0
0
0
0
0
0
0
0
0
0
0
0
0
87
127
236
177
247
320
277
251
181
58
0
0
0
0
0
0
0
0
0
0
0
0
0
0
79
157
224
294
327
328
222
142
101
54
0
0
0
0
0
0
0
0
0
0
0
0
0
0
55
80
250
226
302
212
208
225
181
93
0
0
0
0
0
0
0
0
0
0
0
0
0
0
67
164
239
294
326
173
299
254
170
80
0
0
0
0
0
0
0
0
0
0
0
0
0
0
80
186
176
119
318
245
119
256
171
83
0
0
0
0
0
0
0
0
0
0
0
0
0
0
79
103
140
200
197
129
174
103
121
96
0
0
0
0
0
0
0
0
0
0
0
0
0
0
101
163
263
304
148
183
210
230
181
102
0
0
0
0
0
0
0
0
0
0
0
0
0
0
107
172
136
188
224
225
276
218
187
97
0
0
0
0
0
0
0
0
0
0
0
0
0
0
89
174
217
275
225
180
282
231
193
104
0
0
0
0
0
0
0
0
0
0
0
0
0
0
111
143
109
176
141
148
144
114
190
111
0
0
0
0
0
0
0
0
0
0
0
0
0
0
89
102
262
321
162
192
318
187
176
112
0
0
0
0
0
0
0
0
0
0
0
0
0
0
110
110
164
315
345
345
165
204
185
101
0
0
0
0
0
0
0
0
0
0
0
0
0
0
49
24
192
206
60
258
145
135
177
51
0
0
0
0
0
0
0
0
0
0
0
0
0
16
67
205
254
290
275
278
321
233
201
87
18
0
0
0
0
0
0
0
0
0
0
0
0
22
113
172
216
126
258
313
247
142
198
102
20
0
0
0
0
0
0
0
0
0
0
0
0
22
98
207
279
158
325
329
292
138
157
108
24
0
0
0
0
0
0
0
0
0
0
0
0
8
66
93
214
207
103
70
98
207
71
50
9
0
0
0
0
0
0
0
0
0
0
0
0
15
17
212
117
335
220
359
185
223
45
4
16
0
0
0
0
0
0
0
0
0
0
0
0
12
40
113
270
218
56
265
195
235
96
29
13
0
0
0
0
0
0
0
0
0
0
0
0
9
88
128
123
236
154
95
223
90
21
79
10
0
0
0
0
0
0
0
0
0
0
0
0
17
112
218
265
148
363
126
306
202
23
89
19
0
0
0
0
0
0
0
0
0
0
0
0
27
112
206
292
173
270
235
322
159
190
109
31
0
0
0
0
0
0
0
0
0
0
0
0
23
11
221
276
296
335
299
143
273
170
75
25
0
0
0
0
0
0
0
0
0
0
0
0
17
127
96
288
331
273
251
127
87
208
66
19
0
0
0
0
0
0
0
0
0
0
0
0
33
112
141
176
250
365
174
233
295
171
136
36
0
0
0
0
0
0
0
0
0
0
0
0
30
87
99
298
351
370
229
351
252
132
41
34
0
0
0
0
0
0
0
0
0
0
0
0
42
139
186
248
332
341
146
170
125
218
129
41
0
0
0
0
0
0
0
0
0
0
0
0
44
141
159
255
154
157
158
267
132
118
120
41
0
0
0
0
0
0
0
0
0
0
0
0
45
144
126
289
351
355
322
143
118
220
143
45
0
0
0
0
0
0
0
0
0
0
0
0
41
110
157
290
332
328
228
356
247
222
146
29
0
0
0
0
0
0
0
0
0
0
0
0
33
42
67
306
345
370
189
342
295
236
146
48
0
0
0
0
0
0
0
0
0
0
0
0
25
35
237
282
361
358
214
271
89
90
124
48
0
0
0
0
0
0
0
0
0
0
0
0
18
56
240
312
332
210
375
131
104
146
114
12
0
0
0
0
0
0
0
0
0
0
0
0
10
143
174
295
352
383
325
293
207
215
100
6
0
0
0
0
0
0
0
0
0
0
0
0
54
143
129
132
151
155
181
219
127
209
146
53
0
0
0
0
0
0
0
0
0
0
0
0
54
146
193
303
326
302
324
356
318
233
146
35
0
0
0
0
0
0
0
0
0
0
0
0
14
123
45
253
105
214
269
105
258
137
4
11
0
0
0
0
0
0
0
0
0
0
0
0
58
135
247
276
241
273
232
147
233
230
138
53
0
0
0
0
0
0
0
0
0
0
0
0
59
116
249
216
370
274
377
328
233
188
161
61
0
0
0
0
0
0
0
0
0
0
0
0
62
153
152
156
143
154
154
196
178
155
126
57
0
0
0
0
0
0
0
0
0
0
0
0
51
163
183
137
364
335
154
365
147
252
163
63
0
0
0
0
0
0
0
0
0
0
0
0
46
164
188
221
374
326
328
307
250
254
157
61
0
0
0
0
0
0
0
0
0
0
0
0
64
166
155
136
193
330
371
377
191
215
59
3
0
0
0
0
0
0
0
0
0
0
0
0
69
165
252
267
265
323
348
222
275
129
74
8
0
0
0
0
0
0
0
0
0
0
0
0
14
66
114
319
305
310
412
96
297
61
167
18
0
0
0
0
0
0
0
0
0
0
0
0
26
113
112
175
71
84
283
173
130
123
14
46
0
0
0
0
0
0
0
0
0
0
0
0
60
85
248
326
326
372
322
388
232
264
131
45
0
0
0
0
0
0
0
0
0
0
0
0
77
150
215
256
194
386
404
380
338
240
175
69
0
0
0
0
0
0
0
0
0
0
0
0
79
134
181
158
152
227
186
154
139
152
168
79
0
0
0
0
0
0
0
0
0
0
0
0
59
174
230
178
191
200
160
202
166
110
172
76
0
0
0
0
0
0
0
0
0
0
0
0
81
129
225
239
390
331
421
362
193
137
116
80
0
0
0
0
0
0
0
0
0
0
0
0
70
128
267
298
205
399
336
375
337
267
140
83
0
0
0
0
0
0
0
0
0
0
0
0
76
167
201
191
174
163
190
174
148
243
144
85
0
0
0
0
0
0
0
0
0
0
0
0
64
159
249
348
231
329
317
378
232
127
141
82
0
0
0
0
0
0
0
0
0
0
0
0
38
174
207
314
381
388
427
307
253
260
114
54
0
0
0
0
0
0
0
0
0
0
0
0
69
114
222
339
173
300
173
362
188
208
188
79
0
0
0
0
0
0
0
0
0
0
0
0
22
128
224
185
89
196
109
218
316
191
132
68
0
0
0
0
0
0
0
0
0
0
0
0
74
49
121
264
403
374
117
361
194
259
182
85
0
0
0
0
0
0
0
0
0
0
0
0
93
43
246
344
406
316
193
190
347
257
181
51
0
0
0
0
0
0
0
0
0
0
0
0
88
173
154
328
379
380
433
394
355
254
132
68
0
0
0
0
0
0
0
0
0
0
0
0
38
26
230
306
60
189
379
223
233
216
81
4
0
0
0
0
0
0
0
0
0
0
0
0
65
76
276
267
373
265
418
384
313
252
152
56
0
0
0
0
0
0
0
0
0
0
0
0
16
142
148
187
84
315
278
181
156
76
24
59
0
0
0
0
0
0
0
0
0
0
0
0
101
195
111
292
324
283
426
395
135
289
79
92
0
0
0
0
0
0
0
0
0
0
0
0
98
182
152
140
272
340
418
287
363
280
178
50
0
0
0
0
0
0
0
0
0
0
0
0
104
150
199
362
387
211
237
407
296
272
203
97
0
0
0
0
0
0
0
0
0
0
0
0
58
158
180
355
361
439
441
374
361
286
204
81
0
0
0
0
0
0
0
0
0
0
0
0
107
172
189
282
231
406
443
417
268
236
180
32
0
0
0
0
0
0
0
0
0
0
0
0
67
142
272
308
368
428
439
210
252
232
139
87
0
0
0
0
0
0
0
0
0
0
0
0
110
201
109
301
260
399
430
378
339
261
209
21
0
0
0
0
0
0
0
0
0
0
0
0
75
135
187
357
398
349
203
404
345
298
210
90
0
0
0
0
0
0
0
0
0
0
0
0
112
204
255
182
403
447
193
367
316
200
185
107
0
0
0
0
0
0
0
0
0
0
0
0
97
131
238
312
389
257
396
408
351
297
148
44
0
0
0
0
0
0
0
0
0
0
0
0
115
199
300
364
229
233
244
415
186
129
167
113
0
0
0
0
0
0
0
0
0
0
0
0
117
215
249
252
203
404
410
358
143
146
135
117
0
0
0
0
0
0
0
0
0
0
0
0
77
176
293
366
265
288
207
395
177
297
207
75
0
0
0
0
0
0
0
0
0
0
0
0
107
204
187
292
169
172
212
188
304
200
208
115
0
0
0
0
0
0
0
0
0
0
0
20
121
216
140
365
303
174
393
245
376
190
215
97
18
0
0
0
0
0
0
0
0
0
0
20
110
140
253
252
291
446
236
357
324
202
202
111
21
0
0
0
0
0
0
0
0
0
0
21
112
186
128
283
166
247
173
247
274
206
176
99
16
0
0
0
0
0
0
0
0
0
0
20
53
222
309
380
360
445
450
424
258
251
178
124
22
0
0
0
0
0
0
0
0
0
0
23
114
154
291
292
352
193
277
425
338
227
220
66
25
0
0
0
0
0
0
0
0
0
0
18
70
223
290
354
388
457
297
371
323
158
136
125
22
0
0
0
0
0
0
0
0
0
0
22
107
212
197
229
425
434
399
360
383
310
223
122
25
0
0
0
0
0
0
0
0
0
0
20
128
225
96
381
399
449
449
400
151
312
93
123
23
0
0
0
0
0
0
0
0
0
0
29
106
226
269
384
165
397
368
167
253
306
214
128
29
0
0
0
0
0
0
0
0
0
0
29
126
187
174
195
427
235
339
268
377
284
223
131
31
0
0
0
0
0
0
0
0
0
0
9
87
80
228
184
52
143
166
336
90
219
60
71
10
0
0
0
0
0
0
0
0
0
0
29
130
229
308
376
422
425
342
184
344
180
192
111
31
0
0
0
0
0
0
0
0
0
0
30
133
220
276
320
320
432
433
215
317
217
177
54
32
0
0
0
0
0
0
0
0
0
0
35
134
207
201
306
424
178
332
166
320
275
124
134
34
0
0
0
0
0
0
0
0
0
0
29
65
168
318
224
268
365
261
409
383
259
139
136
32
0
0
0
0
0
0
0
0
0
0
33
99
213
221
226
414
442
461
439
300
217
221
136
36
0
0
0
0
0
0
0
0
0
0
34
96
191
284
230
249
182
458
320
382
247
188
130
37
0
0
0
0
0
0
0
0
0
0
38
136
231
139
150
169
282
454
438
385
262
136
132
39
0
0
0
0
0
0
0
0
0
0
38
139
226
300
222
440
422
243
319
307
254
214
118
39
0
0
0
0
0
0
0
0
0
0
26
56
193
243
386
438
217
457
425
263
287
200
21
29
0
0
0
0
0
0
0
0
0
0
16
92
68
168
170
369
94
249
387
303
131
106
40
18
0
0
0
0
0
0
0
0
0
0
23
119
102
224
214
212
467
467
419
174
311
154
91
27
0
0
0
0
0
0
0
0
0
0
29
128
235
241
348
441
285
212
442
393
278
230
141
32
0
0
0
0
0
0
0
0
0
0
35
124
171
253
371
430
461
452
368
344
303
189
116
38
0
0
0
0
0
0
0
0
0
0
29
143
185
280
394
163
393
391
363
365
169
230
78
4
0
0
0
0
0
0
0
0
0
0
40
119
238
304
394
439
249
307
425
310
266
237
94
45
0
0
0
0
0
0
0
0
0
0
40
144
239
183
299
443
199
364
355
374
274
148
118
45
0
0
0
0
0
0
0
0
0
0
46
100
176
172
307
316
195
182
176
167
261
175
105
46
0
0
0
0
0
0
0
0
0
0
43
103
236
203
381
386
390
403
247
309
302
180
70
38
0
0
0
0
0
0
0
0
0
0
41
94
197
302
321
193
415
439
385
282
326
175
79
47
0
0
0
0
0
0
0
0
0
0
45
146
212
312
332
398
470
448
214
326
242
170
116
44
0
0
0
0
0
0
0
0
0
0
38
64
83
302
269
423
313
451
396
396
299
237
142
44
0
0
0
0
0
0
0
0
0
0
45
147
207
326
338
192
470
267
442
354
297
212
139
42
0
0
0
0
0
0
0
0
0
0
36
147
148
228
338
201
470
467
340
321
325
242
112
48
0
0
0
0
0
0
0
0
0
0
49
121
185
286
393
241
334
417
215
397
228
194
100
28
0
0
0
0
0
0
0
0
0
0
46
125
141
214
361
288
350
464
414
395
193
148
137
47
0
0
0
0
0
0
0
0
0
0
17
98
236
318
251
377
294
438
403
312
285
76
26
43
0
0
0
0
0
0
0
0
0
0
51
148
177
258
370
443
354
444
438
298
328
105
106
50
0
0
0
0
0
0
0
0
0
0
49
90
244
321
378
446
472
377
267
398
323
240
144
47
0
0
0
0
0
0
0
0
0
0
51
102
233
325
207
372
435
344
171
398
320
195
139
34
0
0
0
0
0
0
0
0
0
0
51
133
194
162
253
195
197
203
170
169
138
197
127
51
0
0
0
0
0
0
0
0
0
0
32
146
84
327
390
435
397
197
393
397
262
242
36
46
0
0
0
0
0
0
0
0
0
0
51
144
214
137
267
256
358
430
404
180
296
242
143
42
0
0
0
0
0
0
0
0
0
0
51
148
172
204
268
172
239
236
174
165
168
157
142
51
0
0
0
0
0
0
0
0
0
0
51
128
189
179
341
423
182
390
389
285
239
220
147
41
0
0
0
0
0
0
0
0
0
0
24
148
154
195
368
285
238
248
441
317
201
243
150
17
0
0
0
0
0
0
0
0
0
0
21
130
154
297
339
447
452
185
443
397
260
154
116
51
0
0
0
0
0
0
0
0
0
0
24
45
231
321
397
394
424
457
416
249
183
172
146
30
0
0
0
0
0
0
0
0
0
0
49
123
174
212
252
250
188
281
220
160
150
220
146
44
0
0
0
0
0
0
0
0
0
0
47
98
241
304
383
323
187
446
170
397
316
227
103
51
0
0
0
0
0
0
0
0
0
0
50
128
219
327
329
170
189
402
386
388
232
241
147
51
0
0
0
0
0
0
0
0
0
0
25
85
22
44
320
400
220
411
185
301
69
33
27
27
0
0
0
0
0
0
0
0
0
0
22
35
90
204
378
232
129
446
84
363
184
159
96
39
0
0
0
0
0
0
0
0
0
0
19
60
109
329
397
270
421
349
447
351
223
109
81
49
0
0
0
0
0