0
0
0
0
0
0
2
2
0
39
42
3
0
3
34
2
1
0
1
0
0
0
0
0
0
0
0
0
0
0
1
102
45
6
42
33
36
67
114
278
2
2
27
0
0
0
0
0
0
0
0
0
0
2
13
52
139
5
376
6
170
3
379
1
1
47
1
0
0
0
0
0
0
0
0
0
0
1
42
11
81
300
294
151
794
694
177
115
135
157
0
0
0
0
0
0
0
0
0
0
0
0
4
2
1
61
142
4
101
6
0
6
5
11
0
0
0
0
0
0
0
0
0
0
0
0
1
2
1
0
1
3
1
7
1
5
5
1
0
0
0
0
0
0
0
0
0
0
0
3
7
280
129
639
21
572
221
273
481
50
4
60
0
0
0
0
0
0
0
0
0
0
0
2
1
12
100
518
636
11
136
205
342
342
2
6
7
0
0
0
0
0
0
0
0
0
0
8
59
320
465
186
445
722
317
319
540
285
302
99
10
0
0
0
0
0
0
0
0
0
0
2
1
248
420
35
97
76
486
5
19
68
138
0
2
0
0
0
0
0
0
0
0
0
0
2
1
114
311
90
293
138
60
543
187
4
4
117
0
0
0
0
0
0
0
0
0
0
0
7
7
18
493
690
786
389
628
622
158
34
110
66
13
0
0
0
0
0
0
0
0
0
0
7
15
84
537
36
439
237
90
746
576
15
339
44
10
0
0
0
0
0
0
0
0
0
0
9
98
161
207
490
163
255
400
767
116
558
375
40
16
0
0
0
0
0
0
0
0
0
0
5
114
8
492
551
218
865
395
64
688
31
6
4
9
0
0
0
0
0
0
0
0
0
0
14
121
119
470
698
541
868
607
868
550
265
345
48
25
0
0
0
0
0
0
0
0
0
0
1
73
52
101
5
271
181
324
16
39
136
3
19
2
0
0
0
0
0
0
0
0
0
0
0
0
30
20
3
83
1
97
12
3
2
3
14
0
0
0
0
0
0
0
0
0
0
0
7
144
75
44
750
427
749
155
822
191
63
195
141
14
0
0
0
0
0
0
0
0
0
0
4
151
5
179
692
171
37
719
52
326
270
91
131
7
0
0
0
0
0
0
0
0
0
0
2
11
193
276
121
367
79
374
117
518
234
87
1
5
0
0
0
0
0
0
0
0
0
0
2
153
3
48
613
573
26
222
560
6
55
3
71
4
0
0
0
0
0
0
0
0
0
0
16
145
324
560
719
728
751
800
643
662
378
290
71
25
0
0
0
0
0
0
0
0
0
0
1
67
1
155
14
79
43
35
289
322
375
169
0
3
0
0
0
0
0
0
0
0
0
0
2
9
84
57
561
23
717
475
181
94
382
8
46
5
0
0
0
0
0
0
0
0
0
0
9
86
36
489
584
727
732
264
555
370
318
114
31
14
0
0
0
0
0
0
0
0
0
0
2
3
231
295
432
41
405
263
39
578
6
10
11
4
0
0
0
0
0
0
0
0
0
0
2
1
77
4
408
531
226
87
389
163
103
262
7
4
0
0
0
0
0
0
0
0
0
0
4
7
318
252
196
158
763
665
308
162
29
38
15
9
0
0
0
0
0
0
0
0
0
0
5
79
227
502
347
98
548
809
421
343
57
28
72
10
0
0
0
0
0
0
0
0
0
0
0
2
3
12
84
124
1
83
3
13
3
2
0
0
0
0
0
0
0
0
0
0
0
0
1
91
60
54
101
17
284
345
36
307
15
36
34
3
0
0
0
0
0
0
0
0
0
0
4
136
226
252
670
58
52
457
117
39
106
165
50
9
0
0
0
0
0
0
0
0
0
0
22
121
304
525
725
861
934
934
861
725
525
304
121
33
0
0
0
0
0
0
0
0
0
0
4
111
60
57
45
736
372
65
31
288
340
161
17
7
0
0
0
0
0
0
0
0
0
0
0
2
10
187
634
347
185
109
77
553
261
59
27
0
0
0
0
0
0
0
0
0
0
0
0
0
108
36
14
525
157
570
27
4
34
198
51
0
0
0
0
0
0
0
0
0
0
0
0
22
219
89
136
716
311
845
149
653
297
17
97
0
0
0
0
0
0
0
0
0
0
0
0
112
291
513
714
852
924
924
852
714
513
291
112
0
0
0
0
0
0
0
0
0
0
0
0
101
216
418
639
837
894
900
788
681
416
287
92
0
0
0
0
0
0
0
0
0
0
0
0
87
147
72
722
405
735
519
421
185
205
224
87
0
0
0
0
0
0
0
0
0
0
0
0
4
99
38
114
150
133
606
509
28
214
200
2
0
0
0
0
0
0
0
0
0
0
0
0
22
102
16
6
346
48
17
41
8
64
60
43
0
0
0
0
0
0
0
0
0
0
0
0
66
169
401
532
841
920
608
551
417
353
218
47
0
0
0
0
0
0
0
0
0
0
0
0
38
258
464
378
765
663
710
805
580
362
116
60
0
0
0
0
0
0
0
0
0
0
0
0
2
216
159
62
748
246
760
126
604
20
117
84
0
0
0
0
0
0
0
0
0
0
0
0
10
42
2
21
52
383
184
25
56
1
9
5
0
0
0
0
0
0
0
0
0
0
0
0
39
70
434
442
151
142
261
787
305
269
223
33
0
0
0
0
0
0
0
0
0
0
0
0
0
1
12
78
54
1
7
55
34
7
10
1
0
0
0
0
0
0
0
0
0
0
0
0
0
0
0
4
5
5
0
3
4
2
0
0
0
0
0
0
0
0
0
0
0
0
0
0
6
20
55
101
206
232
395
6
29
252
2
53
0
0
0
0
0
0
0
0
0
0
0
0
0
0
3
16
68
105
92
29
3
1
1
0
0
0
0
0
0
0
0
0
0
0
0
0
33
162
460
409
796
829
777
534
457
357
230
53
0
0
0
0
0
0
0
0
0
0
0
0
37
61
319
521
497
182
839
379
649
46
117
4
0
0
0
0
0
0
0
0
0
0
0
0
8
0
37
5
5
3
41
4
17
36
6
14
0
0
0
0
0
0
0
0
0
0
0
0
6
25
0
7
10
37
29
27
3
34
9
12
0
0
0
0
0
0
0
0
0
0
0
0
1
0
2
0
12
38
4
7
1
2
0
0
0
0
0
0
0
0
0
0
0
0
0
0
0
2
1
17
7
2
0
10
0
2
1
1
0
0
0
0
0
0
0
0
0
0
0
0
45
2
5
37
30
4
100
145
16
151
14
1
0
0
0
0
0
0
0
0
0
0
0
0
1
72
107
589
198
61
808
347
168
137
3
5
0
0
0
0
0
0
0
0
0
0
0
0
3
193
87
518
450
349
55
100
341
88
2
2
0
0
0
0
0
0
0
0
0
0
0
0
1
29
192
200
347
92
733
202
86
437
70
53
0
0
0
0
0
0
0
0
0
0
0
0
15
27
3
4
376
230
640
242
165
13
7
1
0
0
0
0
0
0
0
0
0
0
0
0
1
3
1
1
4
17
13
7
0
1
2
0
0
0
0
0
0
0
0
0
0
0
0
0
60
57
85
166
518
342
103
153
458
77
39
74
0
0
0
0
0
0
0
0
0
0
0
0
31
9
83
35
67
11
54
295
344
3
14
6
0
0
0
0
0
0
0
0
0
0
0
0
0
4
146
3
6
508
134
505
6
74
50
5
0
0
0
0
0
0
0
0
0
0
0
0
3
145
41
424
402
821
661
154
281
114
174
5
0
0
0
0
0
0
0
0
0
0
0
0
6
0
89
6
3
204
11
1
25
4
26
0
0
0
0
0
0
0
0
0
0
0
0
0
2
57
243
273
703
545
388
607
433
110
11
15
0
0
0
0
0
0
0
0
0
0
0
0
9
13
58
2
3
418
635
298
3
3
66
1
0
0
0
0
0
0
0
0
0
0
0
0
0
1
4
1
2
3
5
6
1
6
6
1
0
0
0
0
0
0
0
0
0
0
0
0
0
1
1
2
3
0
2
2
1
1
1
0
0
0
0
0
0
0
0
0
0
0
0
0
3
78
12
472
270
245
68
600
226
68
5
7
0
0
0
0
0
0
0
0
0
0
0
0
1
55
3
410
287
18
90
5
90
82
101
21
0
0
0
0
0
0
0
0
0
0
0
0
22
107
378
524
710
716
785
476
506
285
154
47
0
0
0
0
0
0
0
0
0
0
0
0
1
203
26
56
579
621
158
633
86
10
123
15
0
0
0
0
0
0
0
0
0
0
0
0
13
11
112
436
435
182
366
687
442
230
79
61
0
0
0
0
0
0
0
0
0
0
0
0
1
121
61
35
201
282
446
161
8
137
54
6
0
0
0
0
0
0
0
0
0
0
0
0
3
1
273
39
50
36
618
287
57
1
1
0
0
0
0
0
0
0
0
0
0
0
0
0
11
37
128
82
495
735
536
119
364
100
148
8
0
0
0
0
0
0
0
0
0
0
0
0
7
8
205
85
601
149
475
334
440
270
29
9
0
0
0
0
0
0
0
0
0
0
0
0
6
9
68
448
114
262
391
187
302
67
35
10
0
0
0
0
0
0
0
0
0
0
0
0
2
72
36
84
38
310
531
9
5
49
93
4
0
0
0
0
0
0
0
0
0
0
0
0
3
1
210
247
300
554
67
141
18
2
21
6
0
0
0
0
0
0
0
0
0
0
0
0
16
120
287
455
695
675
600
609
339
252
175
26
0
0
0
0
0
0
0
0
0
0
0
0
16
173
276
328
606
777
651
467
575
184
97
28
0
0
0
0
0
0
0
0
0
0
0
0
22
155
354
556
697
770
770
697
556
354
155
40
0
0
0
0
0
0
0
0
0
0
0
0
2
1
50
5
378
39
147
136
370
6
130
3
0
0
0
0
0
0
0
0
0
0
0
0
1
1
151
44
5
8
354
13
235
1
1
1
0
0
0
0
0
0
0
0
0
0
0
0
2
1
208
119
15
175
48
354
160
141
23
4
0
0
0
0
0
0
0
0
0
0
0
0
1
8
162
145
51
7
9
118
309
23
26
2
0
0
0
0
0
0
0
0
0
0
0
0
2
127
8
159
130
607
229
7
25
60
1
4
0
0
0
0
0
0
0
0
0
0
0
0
3
20
161
245
380
108
55
427
106
39
24
6
0
0
0
0
0
0
0
0
0
0
0
0
15
81
343
322
563
707
680
563
312
201
91
26
0
0
0
0
0
0
0
0
0
0
0
0
0
0
1
1
2
2
4
13
2
1
1
0
0
0
0
0
0
0
0
0
0
0
0
0
10
74
104
201
454
256
576
631
413
111
19
17
0
0
0
0
0
0
0
0
0
0
0
0
14
133
199
367
455
586
657
616
513
129
114
25
0
0
0
0
0
0
0
0
0
0
0
0
2
13
17
4
15
271
187
290
254
10
6
4
0
0
0
0
0
0
0
0
0
0
0
0
0
3
199
178
22
167
147
488
317
82
97
0
0
0
0
0
0
0
0
0
0
0
0
0
0
1
0
19
3
1
34
1
4
1
0
0
0
0
0
0
0
0
0
0
0
0
0
0
0
22
6
109
290
2
62
131
5
23
1
0
0
0
0
0
0
0
0
0
0
0
0
0
0
14
102
45
27
389
11
358
44
29
1
0
0
0
0
0
0
0
0
0
0
0
0
0
0
33
14
270
226
100
202
20
145
8
40
0
0
0
0
0
0
0
0
0
0
0
0
0
0
37
129
389
302
116
523
88
422
185
58
0
0
0
0
0
0
0
0
0
0
0
0
0
0
112
5
408
317
102
243
154
14
11
6
0
0
0
0
0
0
0
0
0
0
0
0
0
0
81
59
28
465
265
542
33
49
120
2
0
0
0
0
0
0
0
0
0
0
0
0
0
0
52
254
337
605
617
654
585
262
163
40
0
0
0
0
0
0
0
0
0
0
0
0
0
0
108
289
481
616
689
689
616
481
289
108
0
0
0
0
0
0
0
0
0
0
0
0
0
0
29
118
145
380
548
639
295
249
235
62
0
0
0
0
0
0
0
0
0
0
0
0
0
0
96
176
372
451
536
408
488
219
54
96
0
0
0
0
0
0
0
0
0
0
0
0
0
0
29
104
350
384
89
114
330
431
105
83
0
0
0
0
0
0
0
0
0
0
0
0
0
0
7
27
128
389
444
480
271
185
196
33
0
0
0
0
0
0
0
0
0
0
0
0
0
0
11
109
61
593
168
234
357
244
298
29
0
0
0
0
0
0
0
0
0
0
0
0
0
0
1
5
45
247
492
291
508
15
13
3
0
0
0
0
0
0
0
0
0
0
0
0
0
0
1
4
248
206
124
556
44
182
2
51
0
0
0
0
0
0
0
0
0
0
0
0
0
0
15
36
38
4
1
7
21
0
15
13
0
0
0
0
0
0
0
0
0
0
0
0
0
0
6
19
117
13
2
17
191
16
3
8
0
0
0
0
0
0
0
0
0
0
0
0
0
0
0
197
116
168
338
6
88
19
11
30
0
0
0
0
0
0
0
0
0
0
0
0
0
0
7
53
104
212
274
133
126
56
167
2
0
0
0
0
0
0
0
0
0
0
0
0
0
0
13
94
80
18
62
13
7
97
19
30
0
0
0
0
0
0
0
0
0
0
0
0
0
0
2
29
313
11
376
52
159
12
111
56
0
0
0
0
0
0
0
0
0
0
0
0
0
0
1
0
1
5
15
25
0
1
0
0
0
0
0
0
0
0
0
0
0
0
0
0
0
0
0
0
0
1
1
1
1
0
0
0
0
0
0
0
0
0
0
0
0
0
0
0
0
0
0
0
1
2
1
1
0
2
1
0
0
0
0
0
0
0
0
0
0
0
0
0
0
0
0
0
18
1
3
1
21
6
2
0
0
0
0
0
0
0
0
0
0
0
0
0
0
0
59
172
328
525
561
354
406
236
126
71
0
0
0
0
0
0
0
0
0
0
0
0
0
0
0
1
22
192
412
50
153
2
16
49
0
0
0
0
0
0
0
0
0
0
0
0
0
0
1
42
8
407
70
77
442
262
114
51
0
0
0
0
0
0
0
0
0
0
0
0
0
0
58
126
175
462
584
517
449
265
128
43
0
0
0
0
0
0
0
0
0
0
0
0
0
0
42
174
266
265
529
514
482
149
40
24
0
0
0
0
0
0
0
0
0
0
0
0
0
0
28
234
347
439
407
374
408
326
112
34
0
0
0
0
0
0
0
0
0
0
0
0
0
0
24
102
38
68
75
329
360
201
214
1
0
0
0
0
0
0
0
0
0
0
0
0
0
0
0
29
0
121
2
3
3
16
32
1
0
0
0
0
0
0
0
0
0
0
0
0
0
0
1
15
204
12
69
18
387
224
12
1
0
0
0
0
0
0
0
0
0
0
0
0
0
0
12
30
258
125
491
159
365
375
232
44
0
0
0
0
0
0
0
0
0
0
0
0
0
0
8
129
254
268
354
116
29
8
2
32
0
0
0
0
0
0
0
0
0
0
0
0
0
0
0
30
69
15
294
12
247
221
119
10
0
0
0
0
0
0
0
0
0
0
0
0
0
0
13
181
228
469
378
532
280
332
155
43
0
0
0
0
0
0
0
0
0
0
0
0
0
0
8
94
121
319
78
40
151
172
100
7
0
0
0
0
0
0
0
0
0
0
0
0
0
0
24
135
21
379
518
126
280
112
5
15
0
0
0
0
0
0
0
0
0
0
0
0
0
0
1
86
204
283
43
271
17
4
5
1
0
0
0
0
0
0
0
0
0
0
0
0
0
0
15
16
309
139
545
141
410
84
106
18
0
0
0
0
0
0
0
0
0
0
0
0
0
0
1
7
207
7
101
441
29
286
15
38
0
0
0
0
0
0
0
0
0
0
0
0
0
0
0
0
4
0
1
16
6
3
1
1
0
0
0
0
0
0
0
0
0
0
0
0
0
0
0
3
1
1
156
3
79
29
63
7
0
0
0
0
0
0
0
0
0
0
0
0
0
0
17
2
9
322
281
4
3
44
65
1
0
0
0
0
0
0
0
0
0
0
0
0
0
0
0
1
12
5
2
53
3
3
33
3
0
0
0
0
0
0
0
0
0
0
0
0
0
0
4
50
11
35
67
160
42
114
74
17
0
0
0
0
0
0
0
0
0
0
0
0
0
0
27
71
332
340
438
471
328
256
172
21
0
0
0
0
0
0
0
0
0
0
0
0
0
0
4
83
334
293
353
383
174
346
142
6
0
0
0
0
0
0
0
0
0
0
0
0
0
0
1
2
16
83
65
1
58
32
1
1
0
0
0
0
0
0
0
0
0
0
0
0
0
0
25
83
101
182
90
477
276
50
144
34
0
0
0
0
0
0
0
0
0
0
0
0
0
0
12
1
134
273
21
6
3
68
83
4
0
0
0
0
0
0
0
0
0
0
0
0
0
0
2
51
69
3
9
141
68
136
1
22
0
0
0
0
0
0
0
0
0
0
0
0
0
0
16
31
2
18
205
70
128
49
10
0
0
0
0
0
0
0
0
0
0
0
0
0
0
0
0
0
0
74
28
2
65
0
3
0
0
0
0
0
0
0
0
0
0
0
0
0
0
0
0
0
2
21
76
209
76
84
2
1
0
0
0
0
0
0
0
0
0
0
0
0
0
0
1
32
19
19
85
2
76
26
46
0
0
0
0
0
0
0
0
0
0
0
0
0
0
0
1
0
55
1
19
51
23
4
1
1
0
0
0
0
0
0
0
0
0
0
0
0
0
0
4
5
6
101
450
102
20
274
88
1
0
0
0
0
0
0
0
0
0
0
0
0
0
0
0
1
5
4
5
54
0
5
0
0
0
0
0
0
0
0
0
0
0
0
0
0
0
0
2
10
58
191
15
3
172
163
15
18
0
0
0
0
0
0
0
0
0
0
0
0
0
0
2
88
37
32
11
28
55
153
99
0
0
0
0
0
0
0
0
0
0
0
0
0
0
0
0
17
8
1
23
4
17
3
1
0
0
0
0
0
0
0
0
0
0
0
0
0
0
0
0
0
0
1
1
1
1
0
0
0
0
0
0
0
0
0
0
0
0
0
0
0
0
0
5
126
292
107
247
136
14
125
12
30
0
0
0
0
0
0
0
0
0
0
0
0
0
0
4
19
77
351
160
156
238
10
40
5
0
0
0
0
0
0
0
0
0
0
0
0
0
0
1
11
4
2
95
7
129
1
62
0
0
0
0
0
0
0
0
0
0
0
0
0
0
0
0
0
1
15
3
40
3
7
0
0
0
0
0
0
0
0
0
0
0
0
0
0
0
0
1
5
17
2
85
161
5
32
1
0
0
0
0
0
0
0
0
0
0
0
0
0
0
0
5
81
57
102
88
91
337
158
6
15
0
0
0
0
0
0
0
0
0
0
0
0
0
0
16
118
162
267
317
494
429
263
114
32
0
0
0
0
0
0
0
0
0
0
0
0
0
0
17
97
173
325
493
295
432
305
150
14
0
0
0
0
0
0
0
0
0
0
0
0
0
0
7
136
220
314
497
43
37
97
5
3
0
0
0
0
0
0
0
0
0
0
0
0
0
0
2
47
135
2
259
6
133
6
82
0
0
0
0
0
0
0
0
0
0
0
0
0
0
0
5
44
61
276
72
289
27
115
133
7
0
0
0
0
0
0
0
0
0
0
0
0
0
0
3
33
79
25
109
161
104
188
34
11
0
0
0
0
0
0
0
0
0
0
0
0
0
0
10
25
43
384
405
490
118
185
22
14
0
0
0
0
0
0
0
0
0
0
0
0
0
0
11
176
48
284
190
422
431
39
31
31
0
0
0
0
0
0
0
0
0
0
0
0
0
0
8
45
132
198
345
345
416
125
35
26
0
0
0
0
0
0
0
0
0
0
0
0
0
0
0
1
3
17
10
2
62
9
1
4
0
0
0
0
0
0
0
0
0
0
0
0
0
0
1
0
1
33
95
13
44
3
4
11
0
0
0
0
0
0
0
0
0
0
0
0
0
0
2
1
10
162
34
25
157
49
109
2
0
0
0
0
0
0
0
0
0
0
0
0
0
0
1
10
5
3
74
10
27
63
2
2
0
0
0
0
0
0
0
0
0
0
0
0
0
0
8
12
49
363
355
181
376
128
16
2
0
0
0
0
0
0
0
0
0
0
0
0
0
0
0
3
2
115
5
27
1
12
0
1
0
0
0
0
0
0
0
0
0
0
0
0
0
0
0
21
12
22
68
1
0
2
11
0
0
0
0
0
0
0
0
0
0
0
0
0
0
0
0
0
89
73
5
110
26
4
11
0
0
0
0
0
0
0
0
0
0
0
0
0
0
0
0
56
91
379
13
426
11
122
70
0
0
0
0
0
0
0
0
0
0
0
0
0
0
0
32
71
183
291
358
198
167
152
155
39
0
0
0
0
0
0
0
0
0
0
0
0
0
0
2
2
249
356
9
252
74
9
8
0
0
0
0
0
0
0
0
0
0
0
0
0
0
0
4
26
101
10
92
2
1
1
34
1
0
0
0
0
0
0
0
0
0
0
0
0
0
0
16
14
95
323
73
485
426
243
40
7
0
0
0
0
0
0
0
0
0
0
0
0
0
0
29
169
323
462
520
523
460
328
166
41
0
0
0
0
0
0
0
0
0
0
0
0
0
0
0
1
2
0
1
3
0
1
0
0
0
0
0
0
0
0
0
0
0
0
0
0
0
0
15
48
191
439
488
426
191
297
66
28
0
0
0
0
0
0
0
0
0
0
0
0
0
0
2
15
313
146
403
330
56
284
90
28
0
0
0
0
0
0
0
0
0
0
0
0
0
0
21
71
114
267
450
241
411
380
82
63
0
0
0
0
0
0
0
0
0
0
0
0
0
0
5
70
30
415
45
322
322
164
6
58
0
0
0
0
0
0
0
0
0
0
0
0
0
0
16
3
19
9
47
393
405
97
39
48
0
0
0
0
0
0
0
0
0
0
0
0
0
0
18
25
66
380
525
200
376
175
34
46
0
0
0
0
0
0
0
0
0
0
0
0
0
0
0
1
149
10
53
1
3
155
54
0
0
0
0
0
0
0
0
0
0
0
0
0
0
0
3
1
1
3
58
116
1
0
7
1
0
0
0
0
0
0
0
0
0
0
0
0
0
0
4
1
6
1
96
46
1
2
20
0
0
0
0
0
0
0
0
0
0
0
0
0
0
0
0
57
37
400
129
427
7
178
3
46
0
0
0
0
0
0
0
0
0
0
0
0
0
0
12
216
158
292
553
341
508
238
118
20
0
0
0
0
0
0
0
0
0
0
0
0
0
0
52
192
363
494
558
558
494
363
192
52
0
0
0
0
0
0
0
0
0
0
0
0
0
0
0
3
1
10
129
17
39
1
0
2
0
0
0
0
0
0
0
0
0
0
0
0
0
0
0
1
2
11
40
1
2
3
19
5
0
0
0
0
0
0
0
0
0
0
0
0
0
0
0
0
6
11
2
4
2
10
0
0
0
0
0
0
0
0
0
0
0
0
0
0
0
0
0
0
4
8
18
5
4
61
19
0
0
0
0
0
0
0
0
0
0
0
0
0
0
0
17
0
47
19
201
17
108
282
1
2
0
0
0
0
0
0
0
0
0
0
0
0
0
0
27
224
318
471
295
197
322
65
171
6
0
0
0
0
0
0
0
0
0
0
0
0
0
0
5
31
146
98
437
541
451
188
174
61
0
0
0
0
0
0
0
0
0
0
0
0
0
0
6
0
94
126
167
8
171
1
0
0
0
0
0
0
0
0
0
0
0
0
0
0
0
0
1
1
9
0
2
2
8
0
1
0
0
0
0
0
0
0
0
0
0
0
0
0
0
0
2
119
134
14
16
166
337
270
133
70
0
0
0
0
0
0
0
0
0
0
0
0
0
0
0
0
1
1
1
1
1
1
0
0
0
0
0
0
0
0
0
0
0
0
0
0
0
0
4
8
26
0
2
9
8
3
22
1
0
0
0
0
0
0
0
0
0
0
0
0
0
0
0
18
4
2
2
34
16
47
11
0
0
0
0
0
0
0
0
0
0
0
0
0
0
0
0
22
0
1
1
103
40
2
32
7
0
0
0
0
0
0
0
0
0
0
0
0
0
0
14
151
118
503
465
383
302
148
23
70
0
0
0
0
0
0
0
0
0
0
0
0
0
0
22
94
11
124
101
576
496
42
16
5
0
0
0
0
0
0
0
0
0
0
0
0
0
0
1
23
168
65
75
15
2
3
1
16
0
0
0
0
0
0
0
0
0
0
0
0
0
0
0
0
1
1
1
1
1
1
0
0
0
0
0
0
0
0
0
0
0
0
0
0
0
0
2
1
0
8
1
17
3
2
2
1
0
0
0
0
0
0
0
0
0
0
0
0
0
0
1
94
170
69
366
337
404
14
3
1
0
0
0
0
0
0
0
0
0
0
0
0
0
0
89
259
445
576
646
646
576
445
259
89
0
0
0
0
0
0
0
0
0
0
0
0
0
0
1
0
2
5
6
1
8
2
0
1
0
0
0
0
0
0
0
0
0
0
0
0
0
0
2
0
1
30
1
10
3
1
5
5
0
0
0
0
0
0
0
0
0
0
0
0
0
0
15
106
83
206
134
37
39
111
2
3
0
0
0
0
0
0
0
0
0
0
0
0
0
0
2
29
1
3
31
102
5
120
3
4
0
0
0
0
0
0
0
0
0
0
0
0
0
0
1
0
53
52
17
1
62
32
1
3
0
0
0
0
0
0
0
0
0
0
0
0
0
0
8
3
149
412
335
148
195
91
43
1
0
0
0
0
0
0
0
0
0
0
0
0
0
0
3
149
17
148
72
78
326
363
266
1
0
0
0
0
0
0
0
0
0
0
0
0
0
0
1
1
43
321
29
4
360
17
85
10
0
0
0
0
0
0
0
0
0
0
0
0
0
0
2
12
25
165
57
504
48
50
15
3
0
0
0
0
0
0
0
0
0
0
0
0
0
0
101
35
307
575
187
360
603
107
130
93
0
0
0
0
0
0
0
0
0
0
0
0
0
0
106
280
387
390
463
653
443
478
242
67
0
0
0
0
0
0
0
0
0
0
0
0
0
0
13
158
67
151
577
498
376
201
114
14
0
0
0
0
0
0
0
0
0
0
0
0
0
0
43
143
404
426
417
415
238
233
99
76
0
0
0
0
0
0
0
0
0
0
0
0
0
0
4
14
241
245
422
515
22
15
35
13
0
0
0
0
0
0
0
0
0
0
0
0
0
0
36
216
481
460
614
593
530
466
105
34
0
0
0
0
0
0
0
0
0
0
0
0
0
0
4
306
39
91
566
500
65
314
13
24
0
0
0
0
0
0
0
0
0
0
0
0
0
0
16
2
365
52
144
69
494
283
18
8
0
0
0
0
0
0
0
0
0
0
0
0
0
0
1
0
5
4
0
8
2
2
12
1
0
0
0
0
0
0
0
0
0
0
0
0
0
1
1
50
25
238
11
11
59
13
35
3
1
0
0
0
0
0
0
0
0
0
0
0
0
6
68
179
273
621
386
262
341
428
27
6
15
0
0
0
0
0
0
0
0
0
0
0
0
2
5
82
62
531
240
33
22
441
217
89
6
0
0
0
0
0
0
0
0
0
0
0
0
0
1
1
7
4
1
0
1
6
1
1
0
0
0
0
0
0
0
0
0
0
0
0
0
0
0
49
2
107
4
136
3
9
0
0
0
0
0
0
0
0
0
0
0
0
0
0
0
0
0
2
32
5
0
8
4
12
1
0
0
0
0
0
0
0
0
0
0
0
0
0
0
0
2
2
2
6
2
1
5
1
0
2
0
0
0
0
0
0
0
0
0
0
0
0
0
0
7
63
25
2
72
1
25
5
0
2
0
0
0
0
0
0
0
0
0
0
0
0
0
1
107
132
75
528
8
5
202
3
173
6
3
0
0
0
0
0
0
0
0
0
0
0
0
1
0
52
32
274
29
13
2
29
6
1
1
0
0
0
0
0
0
0
0
0
0
0
0
0
15
1
47
45
8
6
1
1
23
1
0
0
0
0
0
0
0
0
0
0
0
0
0
2
5
292
3
7
177
614
5
116
229
53
4
0
0
0
0
0
0
0
0
0
0
0
0
1
2
1
111
108
165
501
102
14
2
0
2
0
0
0
0
0
0
0
0
0
0
0
0
9
27
207
265
206
263
706
562
531
29
12
16
0
0
0
0
0
0
0
0
0
0
0
0
13
57
269
255
605
674
671
365
517
353
117
25
0
0
0
0
0
0
0
0
0
0
0
0
13
48
341
172
151
239
320
725
569
134
32
18
0
0
0
0
0
0
0
0
0
0
0
0
3
149
4
174
222
20
522
134
283
133
50
1
0
0
0
0
0
0
0
0
0
0
0
0
1
0
1
65
192
208
3
44
40
69
31
10
0
0
0
0
0
0
0
0
0
0
0
0
0
0
52
25
84
36
4
9
1
1
7
7
0
0
0
0
0
0
0
0
0
0
0
0
0
1
70
100
31
4
203
1
1
3
4
0
0
0
0
0
0
0
0
0
0
0
0
0
0
16
5
34
50
181
17
339
5
17
2
0
0
0
0
0
0
0
0
0
0
0
0
0
25
98
363
553
651
723
649
496
568
195
88
30
0
0
0
0
0
0
0
0
0
0
0
0
7
16
8
40
25
399
352
52
84
136
94
1
0
0
0
0
0
0
0
0
0
0
0
0
0
5
0
10
1
4
6
1
12
2
0
0
0
0
0
0
0
0
0
0
0
0
0
0
9
133
52
255
465
469
553
681
349
155
9
4
0
0
0
0
0
0
0
0
0
0
0
0
8
3
58
390
73
471
44
284
355
258
56
25
0
0
0
0
0
0
0
0
0
0
0
0
30
97
338
520
713
764
757
568
472
331
162
46
0
0
0
0
0
0
0
0
0
0
0
0
2
35
277
571
195
351
782
192
546
54
34
10
0
0
0
0
0
0
0
0
0
0
0
0
1
31
272
5
70
377
15
346
333
58
19
6
0
0
0
0
0
0
0
0
0
0
0
0
7
31
3
2
3
15
34
156
4
12
1
0
0
0
0
0
0
0
0
0
0
0
0
0
13
81
122
12
7
391
336
4
15
2
1
0
0
0
0
0
0
0
0
0
0
0
0
0
0
1
2
43
13
10
123
1
23
0
27
0
0
0
0
0
0
0
0
0
0
0
0
0
0
2
1
3
0
1
7
2
2
2
0
1
0
0
0
0
0
0
0
0
0
0
0
0
3
1
29
167
327
292
12
105
391
82
4
1
0
0
0
0
0
0
0
0
0
0
0
0
25
9
10
345
607
260
201
181
97
21
38
6
0
0
0
0
0
0
0
0
0
0
0
0
24
183
316
555
767
612
703
716
604
376
101
24
0
0
0
0
0
0
0
0
0
0
0
0
85
89
216
515
623
674
804
599
541
476
96
45
0
0
0
0
0
0
0
0
0
0
0
0
17
201
232
393
158
404
108
258
487
415
228
36
0
0
0
0
0
0
0
0
0
0
0
0
4
3
48
20
600
48
398
225
57
117
183
20
0
0
0
0
0
0
0
0
0
0
0
0
60
126
293
499
675
825
709
676
597
198
180
26
0
0
0
0
0
0
0
0
0
0
0
0
2
10
189
109
553
420
446
225
420
450
5
10
0
0
0
0
0
0
0
0
0
0
0
0
1
115
7
243
222
35
129
402
7
162
2
1
0
0
0
0
0
0
0
0
0
0
0
0
90
253
259
177
692
488
768
279
517
288
45
6
0
0
0
0
0
0
0
0
0
0
0
0
0
3
10
3
1
3
1
4
26
5
3
2
0
0
0
0
0
0
0
0
0
0
0
0
3
0
2
9
95
25
1
29
3
26
23
8
0
0
0
0
0
0
0
0
0
0
0
0
17
0
17
53
135
466
3
3
163
188
20
1
0
0
0
0
0
0
0
0
0
0
0
0
9
13
3
33
41
330
106
204
82
21
3
2
0
0
0
0
0
0
0
0
0
0
0
0
0
0
10
19
0
3
26
4
5
7
1
0
0
0
0
0
0
0
0
0
0
0
0
0
1
1
146
9
275
5
58
245
22
18
5
1
0
0
0
0
0
0
0
0
0
0
0
0
0
4
2
3
1
9
6
3
2
1
0
1
0
0
0
0
0
0
0
0
0
0
0
0
20
95
1
329
13
6
214
220
2
81
1
8
0
0
0
0
0
0
0
0
0
0
0
0
58
140
3
2
6
13
53
478
100
41
150
1
0
0
0
0
0
0
0
0
0
0
0
0
42
217
344
132
43
709
651
73
14
177
54
66
0
0
0
0
0
0
0
0
0
0
0
0
1
6
4
177
322
94
106
31
72
47
76
3
0
0
0
0
0
0
0
0
0
0
0
0
40
9
371
10
602
39
152
132
394
10
13
0
0
0
0
0
0
0
0
0
0
0
0
0
1
3
189
17
27
230
186
650
6
283
249
4
0
0
0
0
0
0
0
0
0
0
0
0
30
29
1
15
5
33
227
292
34
19
66
0
0
0
0
0
0
0
0
0
0
0
0
0
2
264
384
188
50
434
741
57
224
85
71
103
0
0
0
0
0
0
0
0
0
0
0
0
47
105
15
584
55
110
769
25
302
359
159
13
0
0
0
0
0
0
0
0
0
0
0
0
94
3
10
17
39
630
334
213
214
123
244
1
0
0
0
0
0
0
0
0
0
0
0
0
42
22
66
176
623
682
659
192
581
520
206
52
0
0
0
0
0
0
0
0
0
0
0
0
35
72
266
447
682
318
303
355
728
483
277
28
0
0
0
0
0
0
0
0
0
0
0
0
2
8
44
176
553
574
747
266
606
136
114
2
0
0
0
0
0
0
0
0
0
0
0
0
85
127
401
369
856
871
737
722
342
375
116
63
0
0
0
0
0
0
0
0
0
0
0
7
40
45
505
187
480
854
354
600
134
397
92
4
13
0
0
0
0
0
0
0
0
0
0
3
84
3
268
456
508
80
688
19
302
4
20
10
6
0
0
0
0
0
0
0
0
0
0
14
81
183
540
395
801
667
874
600
414
370
205
114
25
0
0
0
0
0
0
0
0
0
0
1
1
60
91
111
364
215
189
183
6
12
8
36
3
0
0
0
0
0
0
0
0
0
0
2
11
257
182
11
385
795
610
82
26
7
43
1
5
0
0
0
0
0
0
0
0
0
0
0
1
78
32
239
302
111
6
23
19
3
3
26
1
0
0
0
0
0
0
0
0
0
0
1
6
25
4
515
188
53
27
19
109
69
84
68
2
0
0
0
0
0
0
0
0
0
0
1
29
60
1
146
40
210
77
41
2
97
1
17
1
0
0
0
0
0
0
0
0
0
0
6
5
61
250
115
839
363
429
809
470
144
129
24
11
0
0
0
0
0
0
0
0
0
0
4
18
9
453
593
76
705
491
570
67
25
100
40
7
0
0
0
0
0
0
0
0
0
0
0
2
1
7
3
0
1
2
12
1
5
0
1
0
0
0
0
0
0
0
0
0
0
0
2
23
55
51
185
63
42
11
759
27
444
11
112
4
0
0
0
0
0
0
0
0
0
0
2
30
124
242
338
10
48
277
688
344
5
228
1
4
0
0
0
0
0
0
0
0
0
0
10
29
163
405
370
213
870
512
833
338
246
341
30
17
0
0
0
0
0
0
0
0
0
0
1
1
5
94
4
579
15
658
45
74
284
3
41
3
0
0
0
0
0
0
0
0
0
0
3
148
20
366
539
253
57
178
131
11
375
130
33
6
0
0
0
0
0
0
0
0
0
0
3
2
9
230
531
621
854
85
475
67
9
8
16
7
0
0
0
0
0
0
0
0
0
0
7
27
97
546
733
859
621
218
155
162
284
324
17
13
0
0
0
0
0
0
0
0
0
0
5
43
120
34
550
121
317
703
479
375
304
20
112
8
0
0
0
0
0
0
0
0
0
0
1
1
9
8
165
167
3
82
224
6
228
12
0
1
0
0
0
0
0
0
0
0
0
0
0
2
1
3
2
20
1
4
28
11
2
1
0
0
0
0
0
0
0
0
0
0
0
0
0
7
1
6
4
3
141
119
53
2
46
3
2
1
0
0
0
0
0
0
0
0
0
0
1
11
91
8
27
154
6
3
112
104
255
36
55
1
0
0
0
0
0
0
0
0
0
0
2
109
5
312
44
69
201
67
20
25
193
8
128
3
0
0
0
0
0
0
0
0
0
0
1
42
7
19
115
2
22
399
394
38
3
35
1
0
0
0
0
0
0
0
0
0
0
0
3
125
83
192
125
175
697
577
60
378
13
92
2
17
0
0
0
0
0
0
0
0
0
0
3
50
63
461
10
107
814
460
16
46
270
314
6
21
0
0
0
0
0
0
0
0
0
0
16
167
257
485
385
495
825
923
809
685
299
258
157
16
0
0
0
0
0
0
0
0
0
0
4
3
42
421
57
26
21
376
638
383
203
250
1
42
0
0
0
0
0
0
0
0
0
0
3
2
10
205
358
759
348
283
347
8
96
5
1
18
0
0
0
0
0
0
0
0
0
0
5
37
15
43
19
316
154
257
710
348
344
273
5
4
0
0
0
0
0
0
0
0
0
0
1
1
1
31
6
55
571
62
323
107
213
108
22
32
0
0
0
0
0
0
0
0
0
0
5
37
13
110
321
765
117
666
169
283
27
182
18
38
0
0
0
0
0
0
0
0
0
0
1
36
3
374
323
743
117
96
12
15
72
73
150
8
0
0
0
0
0
0
0
0
0
0
9
6
245
20
160
656
529
32
711
103
377
9
2
1
0
0
0
0
0
0
0
0
0
0
4
124
3
5
269
6
497
88
277
90
4
3
14
5
0
0
0
0
0
0
0
0
0
0
0
2
119
50
509
371
6
293
35
12
20
1
0
3
0
0
0
0
0
0
0
0
0
0
15
50
265
315
245
176
12
52
199
412
83
1
3
19
0
0
0
0
0
0
0
0
0
0
26
2
66
152
49
155
120
440
604
110
60
105
74
5
0
0
0
0
0
0
0
0
0
0
17
175
131
131
600
383
302
511
842
103
51
226
90
1
0
0
0
0
0
0
0
0
0
0
10
107
230
516
506
761
828
813
863
689
575
223
122
18
0
0
0
0
0
0
0
0
0
0
1
24
1
123
179
70
397
3
29
136
11
50
0
4
0
0
0
0
0
0
0
0
0
0
21
78
184
578
479
627
482
317
309
662
230
96
19
46
0
0
0
0
0
0
0
0
0
0
11
62
275
429
476
836
729
736
829
702
504
306
85
20
0
0
0
0
0
0
0
0
0
0
11
120
241
480
321
254
885
413
346
442
358
169
26
2
0
0
0
0
0
0
0
0
0
0
0
31
3
4
253
6
731
711
84
14
435
57
40
0
0
0
0
0
0
0
0
0
0
0
0
116
3
26
325
150
61
869
176
93
314
3
146
20
0
0
0
0
0
0
0
0
0
0
0
0
28
53
142
29
333
236
45
515
3
4
69
1
0
0
0
0
0
0
0
0
0
0
26
132
272
412
509
640
952
642
704
718
545
170
69
40
0
0
0
0
0
0
0
0
0
0
32
2
102
209
55
489
864
274
852
144
45
150
3
14
0
0
0
0
0
0
0
0
0
0
22
119
171
122
348
860
956
385
353
186
371
49
28
16
0
0
0
0
0
0
0
0
0
0
0
2
0
0
14
32
3
28
2
10
0
0
0
0
0
0
0
0
0
0
0
0
0
0
0
0
1
4
48
4
1
54
0
33
3
3
2
1
0
0
0
0
0
0
0
0
0
0
0
1
2
93
134
5
340
11
125
296
5
2
1
8
0
0
0
0
0