0.00
0.00
0.00
0.00
0.00
147.00
435.00
714.00
964.00
1168.00
1312.00
1386.00
1386.00
1312.00
1168.00
964.00
714.00
435.00
147.00
0.00
0.00
0.00
0.00
0.00
0.00
0.00
0.00
0.00
0.00
146.00
434.00
713.00
963.00
1167.00
1311.00
1386.00
1386.00
1311.00
1167.00
963.00
713.00
434.00
146.00
0.00
0.00
0.00
0.00
0.00
0.00
0.00
0.00
0.00
0.00
144.00
433.00
712.00
962.00
1167.00
1311.00
1386.00
1386.00
1311.00
1167.00
962.00
712.00
433.00
144.00
0.00
0.00
0.00
0.00
0.00
0.00
0.00
0.00
0.00
0.00
143.00
432.00
711.00
962.00
1166.00
1311.00
1386.00
1386.00
1311.00
1166.00
962.00
711.00
432.00
143.00
0.00
0.00
0.00
0.00
0.00
0.00
0.00
0.00
0.00
0.00
142.00
431.00
711.00
961.00
1166.00
1310.00
1385.00
1385.00
1310.00
1166.00
961.00
711.00
431.00
142.00
0.00
0.00
0.00
0.00
0.00
0.00
0.00
0.00
0.00
0.00
140.00
430.00
710.00
960.00
1165.00
1310.00
1385.00
1385.00
1310.00
1165.00
960.00
710.00
430.00
140.00
0.00
0.00
0.00
0.00
0.00
0.00
0.00
0.00
0.00
0.00
139.00
429.00
708.00
959.00
1164.00
1309.00
1384.00
1384.00
1309.00
1164.00
959.00
708.00
429.00
139.00
0.00
0.00
0.00
0.00
0.00
0.00
0.00
0.00
0.00
0.00
137.00
427.00
707.00
958.00
1164.00
1308.00
1384.00
1384.00
1308.00
1164.00
958.00
707.00
427.00
137.00
0.00
0.00
0.00
0.00
0.00
0.00
0.00
0.00
0.00
0.00
136.00
426.00
706.00
957.00
1163.00
1308.00
1383.00
1383.00
1308.00
1163.00
957.00
706.00
426.00
136.00
0.00
0.00
0.00
0.00
0.00
0.00
0.00
0.00
0.00
0.00
134.00
424.00
705.00
956.00
1162.00
1307.00
1382.00
1382.00
1307.00
1162.00
956.00
705.00
424.00
134.00
0.00
0.00
0.00
0.00
0.00
0.00
0.00
0.00
0.00
0.00
132.00
423.00
703.00
955.00
1161.00
1306.00
1382.00
1382.00
1306.00
1161.00
955.00
703.00
423.00
132.00
0.00
0.00
0.00
0.00
0.00
0.00
0.00
0.00
0.00
0.00
130.00
421.00
702.00
954.00
1160.00
1305.00
1381.00
1381.00
1305.00
1160.00
954.00
702.00
421.00
130.00
0.00
0.00
0.00
0.00
0.00
0.00
0.00
0.00
0.00
0.00
128.00
419.00
700.00
953.00
1159.00
1305.00
1380.00
1380.00
1305.00
1159.00
953.00
700.00
419.00
128.00
0.00
0.00
0.00
0.00
0.00
0.00
0.00
0.00
0.00
0.00
125.00
417.00
699.00
951.00
1158.00
1304.00
1379.00
1379.00
1304.00
1158.00
951.00
699.00
417.00
125.00
0.00
0.00
0.00
0.00
0.00
0.00
0.00
0.00
0.00
0.00
123.00
415.00
697.00
950.00
1157.00
1303.00
1378.00
1378.00
1303.00
1157.00
950.00
697.00
415.00
123.00
0.00
0.00
0.00
0.00
0.00
0.00
0.00
0.00
0.00
0.00
121.00
413.00
695.00
949.00
1155.00
1301.00
1377.00
1377.00
1301.00
1155.00
949.00
695.00
413.00
121.00
0.00
0.00
0.00
0.00
0.00
0.00
0.00
0.00
0.00
0.00
118.00
411.00
694.00
947.00
1154.00
1300.00
1376.00
1376.00
1300.00
1154.00
947.00
694.00
411.00
118.00
0.00
0.00
0.00
0.00
0.00
0.00
0.00
0.00
0.00
0.00
116.00
409.00
692.00
945.00
1153.00
1299.00
1375.00
1375.00
1299.00
1153.00
945.00
692.00
409.00
116.00
0.00
0.00
0.00
0.00
0.00
0.00
0.00
0.00
0.00
0.00
113.00
406.00
690.00
944.00
1151.00
1298.00
1374.00
1374.00
1298.00
1151.00
944.00
690.00
406.00
113.00
0.00
0.00
0.00
0.00
0.00
0.00
0.00
0.00
0.00
0.00
110.00
404.00
688.00
942.00
1150.00
1296.00
1372.00
1372.00
1296.00
1150.00
942.00
688.00
404.00
110.00
0.00
0.00
0.00
0.00
0.00
0.00
0.00
0.00
0.00
0.00
108.00
402.00
686.00
940.00
1148.00
1295.00
1371.00
1371.00
1295.00
1148.00
940.00
686.00
402.00
108.00
0.00
0.00
0.00
0.00
0.00
0.00
0.00
0.00
0.00
0.00
105.00
399.00
683.00
938.00
1146.00
1294.00
1370.00
1370.00
1294.00
1146.00
938.00
683.00
399.00
105.00
0.00
0.00
0.00
0.00
0.00
0.00
0.00
0.00
0.00
0.00
102.00
396.00
681.00
936.00
1145.00
1292.00
1368.00
1368.00
1292.00
1145.00
936.00
681.00
396.00
102.00
0.00
0.00
0.00
0.00
0.00
0.00
0.00
0.00
0.00
0.00
99.00
394.00
679.00
934.00
1143.00
1290.00
1367.00
1367.00
1290.00
1143.00
934.00
679.00
394.00
99.00
0.00
0.00
0.00
0.00
0.00
0.00
0.00
0.00
0.00
0.00
95.00
391.00
676.00
932.00
1141.00
1289.00
1365.00
1365.00
1289.00
1141.00
932.00
676.00
391.00
95.00
0.00
0.00
0.00
0.00
0.00
0.00
0.00
0.00
0.00
0.00
92.00
388.00
674.00
930.00
1139.00
1287.00
1364.00
1364.00
1287.00
1139.00
930.00
674.00
388.00
92.00
0.00
0.00
0.00
0.00
0.00
0.00
0.00
0.00
0.00
0.00
89.00
385.00
671.00
928.00
1137.00
1285.00
1362.00
1362.00
1285.00
1137.00
928.00
671.00
385.00
89.00
0.00
0.00
0.00
0.00
0.00
0.00
0.00
0.00
0.00
0.00
86.00
382.00
669.00
925.00
1135.00
1283.00
1360.00
1360.00
1283.00
1135.00
925.00
669.00
382.00
86.00
0.00
0.00
0.00
0.00
0.00
0.00
0.00
0.00
0.00
0.00
82.00
379.00
666.00
923.00
1133.00
1281.00
1358.00
1358.00
1281.00
1133.00
923.00
666.00
379.00
82.00
0.00
0.00
0.00
0.00
0.00
0.00
0.00
0.00
0.00
0.00
79.00
376.00
663.00
920.00
1131.00
1279.00
1356.00
1356.00
1279.00
1131.00
920.00
663.00
376.00
79.00
0.00
0.00
0.00
0.00
0.00
0.00
0.00
0.00
0.00
0.00
75.00
373.00
660.00
918.00
1128.00
1277.00
1354.00
1354.00
1277.00
1128.00
918.00
660.00
373.00
75.00
0.00
0.00
0.00
0.00
0.00
0.00
0.00
0.00
0.00
0.00
71.00
369.00
657.00
915.00
1126.00
1275.00
1352.00
1352.00
1275.00
1126.00
915.00
657.00
369.00
71.00
0.00
0.00
0.00
0.00
0.00
0.00
0.00
0.00
0.00
0.00
68.00
366.00
654.00
913.00
1124.00
1273.00
1350.00
1350.00
1273.00
1124.00
913.00
654.00
366.00
68.00
0.00
0.00
0.00
0.00
0.00
0.00
0.00
0.00
0.00
0.00
64.00
362.00
651.00
910.00
1121.00
1270.00
1348.00
1348.00
1270.00
1121.00
910.00
651.00
362.00
64.00
0.00
0.00
0.00
0.00
0.00
0.00
0.00
0.00
0.00
0.00
60.00
359.00
648.00
907.00
1118.00
1268.00
1345.00
1345.00
1268.00
1118.00
907.00
648.00
359.00
60.00
0.00
0.00
0.00
0.00
0.00
0.00
0.00
0.00
0.00
0.00
0.00
355.00
645.00
904.00
1116.00
1266.00
1343.00
1343.00
1266.00
1116.00
904.00
645.00
355.00
0.00
0.00
0.00
0.00
0.00
0.00
0.00
0.00
0.00
0.00
0.00
0.00
352.00
641.00
901.00
1113.00
1263.00
1341.00
1341.00
1263.00
1113.00
901.00
641.00
352.00
0.00
0.00
0.00
0.00
0.00
0.00
0.00
0.00
0.00
0.00
0.00
0.00
348.00
638.00
898.00
1110.00
1260.00
1338.00
1338.00
1260.00
1110.00
898.00
638.00
348.00
0.00
0.00
0.00
0.00
0.00
0.00
0.00
0.00
0.00
0.00
0.00
0.00
344.00
635.00
895.00
1107.00
1258.00
1335.00
1335.00
1258.00
1107.00
895.00
635.00
344.00
0.00
0.00
0.00
0.00
0.00
0.00
0.00
0.00
0.00
0.00
0.00
0.00
340.00
631.00
892.00
1104.00
1255.00
1333.00
1333.00
1255.00
1104.00
892.00
631.00
340.00
0.00
0.00
0.00
0.00
0.00
0.00
0.00
0.00
0.00
0.00
0.00
0.00
337.00
628.00
888.00
1101.00
1252.00
1330.00
1330.00
1252.00
1101.00
888.00
628.00
337.00
0.00
0.00
0.00
0.00
0.00
0.00
0.00
0.00
0.00
0.00
0.00
0.00
333.00
624.00
885.00
1098.00
1249.00
1327.00
1327.00
1249.00
1098.00
885.00
624.00
333.00
0.00
0.00
0.00
0.00
0.00
0.00
0.00
0.00
0.00
0.00
0.00
0.00
329.00
620.00
882.00
1095.00
1246.00
1324.00
1324.00
1246.00
1095.00
882.00
620.00
329.00
0.00
0.00
0.00
0.00
0.00
0.00
0.00
0.00
0.00
0.00
0.00
0.00
325.00
616.00
878.00
1092.00
1243.00
1321.00
1321.00
1243.00
1092.00
878.00
616.00
325.00
0.00
0.00
0.00
0.00
0.00
0.00
0.00
0.00
0.00
0.00
0.00
0.00
320.00
613.00
875.00
1088.00
1240.00
1318.00
1318.00
1240.00
1088.00
875.00
613.00
320.00
0.00
0.00
0.00
0.00
0.00
0.00
0.00
0.00
0.00
0.00
0.00
0.00
316.00
609.00
871.00
1085.00
1236.00
1315.00
1315.00
1236.00
1085.00
871.00
609.00
316.00
0.00
0.00
0.00
0.00
0.00
0.00
0.00
0.00
0.00
0.00
0.00
0.00
312.00
605.00
867.00
1082.00
1233.00
1311.00
1311.00
1233.00
1082.00
867.00
605.00
312.00
0.00
0.00
0.00
0.00
0.00
0.00
0.00
0.00
0.00
0.00
0.00
0.00
308.00
601.00
863.00
1078.00
1230.00
1308.00
1308.00
1230.00
1078.00
863.00
601.00
308.00
0.00
0.00
0.00
0.00
0.00
0.00
0.00
0.00
0.00
0.00
0.00
0.00
303.00
597.00
860.00
1074.00
1226.00
1305.00
1305.00
1226.00
1074.00
860.00
597.00
303.00
0.00
0.00
0.00
0.00
0.00
0.00
0.00
0.00
0.00
0.00
0.00
0.00
299.00
593.00
856.00
1071.00
1223.00
1301.00
1301.00
1223.00
1071.00
856.00
593.00
299.00
0.00
0.00
0.00
0.00
0.00
0.00
0.00
0.00
0.00
0.00
0.00
0.00
295.00
588.00
852.00
1067.00
1219.00
1298.00
1298.00
1219.00
1067.00
852.00
588.00
295.00
0.00
0.00
0.00
0.00
0.00
0.00
0.00
0.00
0.00
0.00
0.00
0.00
290.00
584.00
848.00
1063.00
1215.00
1294.00
1294.00
1215.00
1063.00
848.00
584.00
290.00
0.00
0.00
0.00
0.00
0.00
0.00
0.00
0.00
0.00
0.00
0.00
0.00
286.00
580.00
844.00
1059.00
1211.00
1290.00
1290.00
1211.00
1059.00
844.00
580.00
286.00
0.00
0.00
0.00
0.00
0.00
0.00
0.00
0.00
0.00
0.00
0.00
0.00
281.00
576.00
839.00
1055.00
1207.00
1286.00
1286.00
1207.00
1055.00
839.00
576.00
281.00
0.00
0.00
0.00
0.00
0.00
0.00
0.00
0.00
0.00
0.00
0.00
0.00
277.00
571.00
835.00
1051.00
1203.00
1282.00
1282.00
1203.00
1051.00
835.00
571.00
277.00
0.00
0.00
0.00
0.00
0.00
0.00
0.00
0.00
0.00
0.00
0.00
0.00
272.00
567.00
831.00
1047.00
1199.00
1278.00
1278.00
1199.00
1047.00
831.00
567.00
272.00
0.00
0.00
0.00
0.00
0.00
0.00
0.00
0.00
0.00
0.00
0.00
0.00
267.00
562.00
827.00
1043.00
1195.00
1274.00
1274.00
1195.00
1043.00
827.00
562.00
267.00
0.00
0.00
0.00
0.00
0.00
0.00
0.00
0.00
0.00
0.00
0.00
0.00
263.00
558.00
822.00
1038.00
1191.00
1270.00
1270.00
1191.00
1038.00
822.00
558.00
263.00
0.00
0.00
0.00
0.00
0.00
0.00
0.00
0.00
0.00
0.00
0.00
0.00
258.00
553.00
818.00
1034.00
1187.00
1266.00
1266.00
1187.00
1034.00
818.00
553.00
258.00
0.00
0.00
0.00
0.00
0.00
0.00
0.00
0.00
0.00
0.00
0.00
0.00
253.00
548.00
813.00
1029.00
1182.00
1261.00
1261.00
1182.00
1029.00
813.00
548.00
253.00
0.00
0.00
0.00
0.00
0.00
0.00
0.00
0.00
0.00
0.00
0.00
0.00
248.00
544.00
809.00
1025.00
1178.00
1257.00
1257.00
1178.00
1025.00
809.00
544.00
248.00
0.00
0.00
0.00
0.00
0.00
0.00
0.00
0.00
0.00
0.00
0.00
0.00
243.00
539.00
804.00
1020.00
1173.00
1253.00
1253.00
1173.00
1020.00
804.00
539.00
243.00
0.00
0.00
0.00
0.00
0.00
0.00
0.00
0.00
0.00
0.00
0.00
0.00
239.00
534.00
799.00
1016.00
1169.00
1248.00
1248.00
1169.00
1016.00
799.00
534.00
239.00
0.00
0.00
0.00
0.00
0.00
0.00
0.00
0.00
0.00
0.00
0.00
0.00
234.00
529.00
795.00
1011.00
1164.00
1243.00
1243.00
1164.00
1011.00
795.00
529.00
234.00
0.00
0.00
0.00
0.00
0.00
0.00
0.00
0.00
0.00
0.00
0.00
0.00
229.00
525.00
790.00
1006.00
1159.00
1239.00
1239.00
1159.00
1006.00
790.00
525.00
229.00
0.00
0.00
0.00
0.00
0.00
0.00
0.00
0.00
0.00
0.00
0.00
0.00
224.00
520.00
785.00
1002.00
1155.00
1234.00
1234.00
1155.00
1002.00
785.00
520.00
224.00
0.00
0.00
0.00
0.00
0.00
0.00
0.00
0.00
0.00
0.00
0.00
0.00
219.00
515.00
780.00
997.00
1150.00
1229.00
1229.00
1150.00
997.00
780.00
515.00
219.00
0.00
0.00
0.00
0.00
0.00
0.00
0.00
0.00
0.00
0.00
0.00
0.00
214.00
510.00
775.00
992.00
1145.00
1224.00
1224.00
1145.00
992.00
775.00
510.00
214.00
0.00
0.00
0.00
0.00
0.00
0.00
0.00
0.00
0.00
0.00
0.00
0.00
209.00
505.00
770.00
987.00
1140.00
1219.00
1219.00
1140.00
987.00
770.00
505.00
209.00
0.00
0.00
0.00
0.00
0.00
0.00
0.00
0.00
0.00
0.00
0.00
0.00
204.00
500.00
765.00
982.00
1135.00
1214.00
1214.00
1135.00
982.00
765.00
500.00
204.00
0.00
0.00
0.00
0.00
0.00
0.00
0.00
0.00
0.00
0.00
0.00
0.00
199.00
495.00
760.00
977.00
1130.00
1209.00
1209.00
1130.00
977.00
760.00
495.00
199.00
0.00
0.00
0.00
0.00
0.00
0.00
0.00
0.00
0.00
0.00
0.00
0.00
194.00
490.00
755.00
972.00
1125.00
1204.00
1204.00
1125.00
972.00
755.00
490.00
194.00
0.00
0.00
0.00
0.00
0.00
0.00
0.00
0.00
0.00
0.00
0.00
0.00
189.00
485.00
750.00
966.00
1119.00
1199.00
1199.00
1119.00
966.00
750.00
485.00
189.00
0.00
0.00
0.00
0.00
0.00
0.00
0.00
0.00
0.00
0.00
0.00
0.00
184.00
480.00
745.00
961.00
1114.00
1193.00
1193.00
1114.00
961.00
745.00
480.00
184.00
0.00
0.00
0.00
0.00
0.00
0.00
0.00
0.00
0.00
0.00
0.00
0.00
179.00
474.00
739.00
956.00
1109.00
1188.00
1188.00
1109.00
956.00
739.00
474.00
179.00
0.00
0.00
0.00
0.00
0.00
0.00
0.00
0.00
0.00
0.00
0.00
0.00
174.00
469.00
734.00
950.00
1103.00
1183.00
1183.00
1103.00
950.00
734.00
469.00
174.00
0.00
0.00
0.00
0.00
0.00
0.00
0.00
0.00
0.00
0.00
0.00
0.00
169.00
464.00
729.00
945.00
1098.00
1177.00
1177.00
1098.00
945.00
729.00
464.00
169.00
0.00
0.00
0.00
0.00
0.00
0.00
0.00
0.00
0.00
0.00
0.00
0.00
164.00
459.00
724.00
940.00
1093.00
1172.00
1172.00
1093.00
940.00
724.00
459.00
164.00
0.00
0.00
0.00
0.00
0.00
0.00
0.00
0.00
0.00
0.00
0.00
0.00
159.00
454.00
718.00
934.00
1087.00
1166.00
1166.00
1087.00
934.00
718.00
454.00
159.00
0.00
0.00
0.00
0.00
0.00
0.00
0.00
0.00
0.00
0.00
0.00
0.00
153.00
448.00
713.00
929.00
1081.00
1160.00
1160.00
1081.00
929.00
713.00
448.00
153.00
0.00
0.00
0.00
0.00
0.00
0.00
0.00
0.00
0.00
0.00
0.00
0.00
148.00
443.00
707.00
923.00
1076.00
1155.00
1155.00
1076.00
923.00
707.00
443.00
148.00
0.00
0.00
0.00
0.00
0.00
0.00
0.00
0.00
0.00
0.00
0.00
0.00
143.00
438.00
702.00
918.00
1070.00
1149.00
1149.00
1070.00
918.00
702.00
438.00
143.00
0.00
0.00
0.00
0.00
0.00
0.00
0.00
0.00
0.00
0.00
0.00
0.00
138.00
433.00
697.00
912.00
1064.00
1143.00
1143.00
1064.00
912.00
697.00
433.00
138.00
0.00
0.00
0.00
0.00
0.00
0.00
0.00
0.00
0.00
0.00
0.00
0.00
133.00
427.00
691.00
906.00
1059.00
1137.00
1137.00
1059.00
906.00
691.00
427.00
133.00
0.00
0.00
0.00
0.00
0.00
0.00
0.00
0.00
0.00
0.00
0.00
0.00
128.00
422.00
686.00
901.00
1053.00
1132.00
1132.00
1053.00
901.00
686.00
422.00
128.00
0.00
0.00
0.00
0.00
0.00
0.00
0.00
0.00
0.00
0.00
0.00
0.00
123.00
417.00
680.00
895.00
1047.00
1126.00
1126.00
1047.00
895.00
680.00
417.00
123.00
0.00
0.00
0.00
0.00
0.00
0.00
0.00
0.00
0.00
0.00
0.00
0.00
118.00
412.00
675.00
889.00
1041.00
1120.00
1120.00
1041.00
889.00
675.00
412.00
118.00
0.00
0.00
0.00
0.00
0.00
0.00
0.00
0.00
0.00
0.00
0.00
0.00
113.00
406.00
669.00
884.00
1035.00
1114.00
1114.00
1035.00
884.00
669.00
406.00
113.00
0.00
0.00
0.00
0.00
0.00
0.00
0.00
0.00
0.00
0.00
0.00
0.00
108.00
401.00
663.00
878.00
1029.00
1108.00
1108.00
1029.00
878.00
663.00
401.00
108.00
0.00
0.00
0.00
0.00
0.00
0.00
0.00
0.00
0.00
0.00
0.00
0.00
103.00
396.00
658.00
872.00
1023.00
1102.00
1102.00
1023.00
872.00
658.00
396.00
103.00
0.00
0.00
0.00
0.00
0.00
0.00
0.00
0.00
0.00
0.00
0.00
0.00
98.00
390.00
652.00
866.00
1018.00
1096.00
1096.00
1018.00
866.00
652.00
390.00
98.00
0.00
0.00
0.00
0.00
0.00
0.00
0.00
0.00
0.00
0.00
0.00
0.00
93.00
385.00
647.00
860.00
1012.00
1090.00
1090.00
1012.00
860.00
647.00
385.00
93.00
0.00
0.00
0.00
0.00
0.00
0.00
0.00
0.00
0.00
0.00
0.00
0.00
88.00
380.00
641.00
855.00
1006.00
1084.00
1084.00
1006.00
855.00
641.00
380.00
88.00
0.00
0.00
0.00
0.00
0.00
0.00
0.00
0.00
0.00
0.00
0.00
0.00
83.00
375.00
636.00
849.00
1000.00
1078.00
1078.00
1000.00
849.00
636.00
375.00
83.00
0.00
0.00
0.00
0.00
0.00
0.00
0.00
0.00
0.00
0.00
0.00
0.00
78.00
369.00
630.00
843.00
994.00
1071.00
1071.00
994.00
843.00
630.00
369.00
78.00
0.00
0.00
0.00
0.00
0.00
0.00
0.00
0.00
0.00
0.00
0.00
0.00
74.00
364.00
624.00
837.00
987.00
1065.00
1065.00
987.00
837.00
624.00
364.00
74.00
0.00
0.00
0.00
0.00
0.00
0.00
0.00
0.00
0.00
0.00
0.00
0.00
69.00
359.00
619.00
831.00
981.00
1059.00
1059.00
981.00
831.00
619.00
359.00
69.00
0.00
0.00
0.00
0.00
0.00
0.00
0.00
0.00
0.00
0.00
0.00
0.00
64.00
354.00
613.00
825.00
975.00
1053.00
1053.00
975.00
825.00
613.00
354.00
64.00
0.00
0.00
0.00
0.00
0.00
0.00
0.00
0.00
0.00
0.00
0.00
0.00
59.00
348.00
608.00
820.00
969.00
1047.00
1047.00
969.00
820.00
608.00
348.00
59.00
0.00
0.00
0.00
0.00
0.00
0.00
0.00
0.00
0.00
0.00
0.00
0.00
0.00
343.00
602.00
814.00
963.00
1041.00
1041.00
963.00
814.00
602.00
343.00
0.00
0.00
0.00
0.00
0.00
0.00
0.00
0.00
0.00
0.00
0.00
0.00
0.00
0.00
338.00
597.00
808.00
957.00
1034.00
1034.00
957.00
808.00
597.00
338.00
0.00
0.00
0.00
0.00
0.00
0.00
0.00
0.00
0.00
0.00
0.00
0.00
0.00
0.00
333.00
591.00
802.00
951.00
1028.00
1028.00
951.00
802.00
591.00
333.00
0.00
0.00
0.00
0.00
0.00
0.00
0.00
0.00
0.00
0.00
0.00
0.00
0.00
0.00
328.00
586.00
796.00
945.00
1022.00
1022.00
945.00
796.00
586.00
328.00
0.00
0.00
0.00
0.00
0.00
0.00
0.00
0.00
0.00
0.00
0.00
0.00
0.00
0.00
323.00
580.00
790.00
939.00
1016.00
1016.00
939.00
790.00
580.00
323.00
0.00
0.00
0.00
0.00
0.00
0.00
0.00
0.00
0.00
0.00
0.00
0.00
0.00
0.00
318.00
575.00
785.00
933.00
1010.00
1010.00
933.00
785.00
575.00
318.00
0.00
0.00
0.00
0.00
0.00
0.00
0.00
0.00
0.00
0.00
0.00
0.00
0.00
0.00
313.00
569.00
779.00
927.00
1004.00
1004.00
927.00
779.00
569.00
313.00
0.00
0.00
0.00
0.00
0.00
0.00
0.00
0.00
0.00
0.00
0.00
0.00
0.00
0.00
308.00
564.00
773.00
921.00
997.00
997.00
921.00
773.00
564.00
308.00
0.00
0.00
0.00
0.00
0.00
0.00
0.00
0.00
0.00
0.00
0.00
0.00
0.00
0.00
303.00
558.00
767.00
915.00
991.00
991.00
915.00
767.00
558.00
303.00
0.00
0.00
0.00
0.00
0.00
0.00
0.00
0.00
0.00
0.00
0.00
0.00
0.00
0.00
298.00
553.00
762.00
909.00
985.00
985.00
909.00
762.00
553.00
298.00
0.00
0.00
0.00
0.00
0.00
0.00
0.00
0.00
0.00
0.00
0.00
0.00
0.00
0.00
293.00
548.00
756.00
903.00
979.00
979.00
903.00
756.00
548.00
293.00
0.00
0.00
0.00
0.00
0.00
0.00
0.00
0.00
0.00
0.00
0.00
0.00
0.00
0.00
288.00
542.00
750.00
897.00
973.00
973.00
897.00
750.00
542.00
288.00
0.00
0.00
0.00
0.00
0.00
0.00
0.00
0.00
0.00
0.00
0.00
0.00
0.00
0.00
283.00
537.00
744.00
891.00
967.00
967.00
891.00
744.00
537.00
283.00
0.00
0.00
0.00
0.00
0.00
0.00
0.00
0.00
0.00
0.00
0.00
0.00
0.00
0.00
278.00
532.00
739.00
885.00
961.00
961.00
885.00
739.00
532.00
278.00
0.00
0.00
0.00
0.00
0.00
0.00
0.00
0.00
0.00
0.00
0.00
0.00
0.00
0.00
274.00
527.00
733.00
879.00
955.00
955.00
879.00
733.00
527.00
274.00
0.00
0.00
0.00
0.00
0.00
0.00
0.00
0.00
0.00
0.00
0.00
0.00
0.00
0.00
269.00
522.00
728.00
874.00
949.00
949.00
874.00
728.00
522.00
269.00
0.00
0.00
0.00
0.00
0.00
0.00
0.00
0.00
0.00
0.00
0.00
0.00
0.00
0.00
264.00
516.00
722.00
868.00
943.00
943.00
868.00
722.00
516.00
264.00
0.00
0.00
0.00
0.00
0.00
0.00
0.00
0.00
0.00
0.00
0.00
0.00
0.00
0.00
260.00
511.00
717.00
862.00
937.00
937.00
862.00
717.00
511.00
260.00
0.00
0.00
0.00
0.00
0.00
0.00
0.00
0.00
0.00
0.00
0.00
0.00
0.00
0.00
255.00
506.00
711.00
856.00
931.00
931.00
856.00
711.00
506.00
255.00
0.00
0.00
0.00
0.00
0.00
0.00
0.00
0.00
0.00
0.00
0.00
0.00
0.00
0.00
251.00
501.00
706.00
851.00
926.00
926.00
851.00
706.00
501.00
251.00
0.00
0.00
0.00
0.00
0.00
0.00
0.00
0.00
0.00
0.00
0.00
0.00
0.00
0.00
246.00
496.00
701.00
845.00
920.00
920.00
845.00
701.00
496.00
246.00
0.00
0.00
0.00
0.00
0.00
0.00
0.00
0.00
0.00
0.00
0.00
0.00
0.00
0.00
242.00
492.00
695.00
840.00
914.00
914.00
840.00
695.00
492.00
242.00
0.00
0.00
0.00
0.00
0.00
0.00
0.00
0.00
0.00
0.00
0.00
0.00
0.00
0.00
238.00
487.00
690.00
834.00
909.00
909.00
834.00
690.00
487.00
238.00
0.00
0.00
0.00
0.00
0.00
0.00
0.00
0.00
0.00
0.00
0.00
0.00
0.00
0.00
233.00
482.00
685.00
829.00
903.00
903.00
829.00
685.00
482.00
233.00
0.00
0.00
0.00
0.00
0.00
0.00
0.00
0.00
0.00
0.00
0.00
0.00
0.00
0.00
229.00
477.00
680.00
823.00
897.00
897.00
823.00
680.00
477.00
229.00
0.00
0.00
0.00
0.00
0.00
0.00
0.00
0.00
0.00
0.00
0.00
0.00
0.00
0.00
225.00
473.00
675.00
818.00
892.00
892.00
818.00
675.00
473.00
225.00
0.00
0.00
0.00
0.00
0.00
0.00
0.00
0.00
0.00
0.00
0.00
0.00
0.00
0.00
221.00
468.00
670.00
813.00
887.00
887.00
813.00
670.00
468.00
221.00
0.00
0.00
0.00
0.00
0.00
0.00
0.00
0.00
0.00
0.00
0.00
0.00
0.00
0.00
217.00
464.00
665.00
808.00
881.00
881.00
808.00
665.00
464.00
217.00
0.00
0.00
0.00
0.00
0.00
0.00
0.00
0.00
0.00
0.00
0.00
0.00
0.00
0.00
213.00
459.00
660.00
802.00
876.00
876.00
802.00
660.00
459.00
213.00
0.00
0.00
0.00
0.00
0.00
0.00
0.00
0.00
0.00
0.00
0.00
0.00
0.00
0.00
209.00
455.00
655.00
797.00
871.00
871.00
797.00
655.00
455.00
209.00
0.00
0.00
0.00
0.00
0.00
0.00
0.00
0.00
0.00
0.00
0.00
0.00
0.00
0.00
205.00
450.00
651.00
792.00
866.00
866.00
792.00
651.00
450.00
205.00
0.00
0.00
0.00
0.00
0.00
0.00
0.00
0.00
0.00
0.00
0.00
0.00
0.00
0.00
201.00
446.00
646.00
787.00
861.00
861.00
787.00
646.00
446.00
201.00
0.00
0.00
0.00
0.00
0.00
0.00
0.00
0.00
0.00
0.00
0.00
0.00
0.00
0.00
198.00
442.00
642.00
783.00
856.00
856.00
783.00
642.00
442.00
198.00
0.00
0.00
0.00
0.00
0.00
0.00
0.00
0.00
0.00
0.00
0.00
0.00
0.00
0.00
194.00
438.00
637.00
778.00
851.00
851.00
778.00
637.00
438.00
194.00
0.00
0.00
0.00
0.00
0.00
0.00
0.00
0.00
0.00
0.00
0.00
0.00
0.00
0.00
190.00
434.00
633.00
773.00
846.00
846.00
773.00
633.00
434.00
190.00
0.00
0.00
0.00
0.00
0.00
0.00
0.00
0.00
0.00
0.00
0.00
0.00
0.00
0.00
187.00
430.00
628.00
769.00
841.00
841.00
769.00
628.00
430.00
187.00
0.00
0.00
0.00
0.00
0.00
0.00
0.00
0.00
0.00
0.00
0.00
0.00
0.00
0.00
183.00
426.00
624.00
764.00
837.00
837.00
764.00
624.00
426.00
183.00
0.00
0.00
0.00
0.00
0.00
0.00
0.00
0.00
0.00
0.00
0.00
0.00
0.00
0.00
180.00
422.00
620.00
760.00
832.00
832.00
760.00
620.00
422.00
180.00
0.00
0.00
0.00
0.00
0.00
0.00
0.00
0.00
0.00
0.00
0.00
0.00
0.00
0.00
177.00
419.00
616.00
755.00
828.00
828.00
755.00
616.00
419.00
177.00
0.00
0.00
0.00
0.00
0.00
0.00
0.00
0.00
0.00
0.00
0.00
0.00
0.00
0.00
174.00
415.00
612.00
751.00
823.00
823.00
751.00
612.00
415.00
174.00
0.00
0.00
0.00
0.00
0.00
0.00
0.00
0.00
0.00
0.00
0.00
0.00
0.00
0.00
170.00
411.00
608.00
747.00
819.00
819.00
747.00
608.00
411.00
170.00
0.00
0.00
0.00
0.00
0.00
0.00
0.00
0.00
0.00
0.00
0.00
0.00
0.00
0.00
167.00
408.00
604.00
743.00
815.00
815.00
743.00
604.00
408.00
167.00
0.00
0.00
0.00
0.00
0.00
0.00
0.00
0.00
0.00
0.00
0.00
0.00
0.00
0.00
165.00
405.00
601.00
739.00
811.00
811.00
739.00
601.00
405.00
165.00
0.00
0.00
0.00
0.00
0.00
0.00
0.00
0.00
0.00
0.00
0.00
0.00
0.00
0.00
162.00
401.00
597.00
735.00
807.00
807.00
735.00
597.00
401.00
162.00
0.00
0.00
0.00
0.00
0.00
0.00
0.00
0.00
0.00
0.00
0.00
0.00
0.00
0.00
159.00
398.00
593.00
732.00
803.00
803.00
732.00
593.00
398.00
159.00
0.00
0.00
0.00
0.00
0.00
0.00
0.00
0.00
0.00
0.00
0.00
0.00
0.00
0.00
156.00
395.00
590.00
728.00
799.00
799.00
728.00
590.00
395.00
156.00
0.00
0.00
0.00
0.00
0.00
0.00
0.00
0.00
0.00
0.00
0.00
0.00
0.00
0.00
154.00
392.00
587.00
724.00
796.00
796.00
724.00
587.00
392.00
154.00
0.00
0.00
0.00
0.00
0.00
0.00
0.00
0.00
0.00
0.00
0.00
0.00
0.00
0.00
151.00
389.00
584.00
721.00
792.00
792.00
721.00
584.00
389.00
151.00
0.00
0.00
0.00
0.00
0.00
0.00
0.00
0.00
0.00
0.00
0.00
0.00
0.00
0.00
149.00
386.00
580.00
718.00
789.00
789.00
718.00
580.00
386.00
149.00
0.00
0.00
0.00
0.00
0.00
0.00
0.00
0.00
0.00
0.00
0.00
0.00
0.00
0.00
146.00
384.00
578.00
715.00
786.00
786.00
715.00
578.00
384.00
146.00
0.00
0.00
0.00
0.00
0.00
0.00
0.00
0.00
0.00
0.00
0.00
0.00
0.00
0.00
144.00
381.00
575.00
712.00
782.00
782.00
712.00
575.00
381.00
144.00
0.00
0.00
0.00
0.00
0.00
0.00
0.00
0.00
0.00
0.00
0.00
0.00
0.00
0.00
142.00
379.00
572.00
709.00
779.00
779.00
709.00
572.00
379.00
142.00
0.00
0.00
0.00
0.00
0.00
0.00
0.00
0.00
0.00
0.00
0.00
0.00
0.00
0.00
140.00
376.00
569.00
706.00
776.00
776.00
706.00
569.00
376.00
140.00
0.00
0.00
0.00
0.00
0.00
0.00
0.00
0.00
0.00
0.00
0.00
0.00
0.00
0.00
138.00
374.00
567.00
703.00
774.00
774.00
703.00
567.00
374.00
138.00
0.00
0.00
0.00
0.00
0.00
0.00
0.00
0.00
0.00
0.00
0.00
0.00
0.00
0.00
136.00
372.00
564.00
700.00
771.00
771.00
700.00
564.00
372.00
136.00
0.00
0.00
0.00
0.00
0.00
0.00
0.00
0.00
0.00
0.00
0.00
0.00
0.00
0.00
134.00
370.00
562.00
698.00
768.00
768.00
698.00
562.00
370.00
134.00
0.00
0.00
0.00
0.00
0.00
0.00
0.00
0.00
0.00
0.00
0.00
0.00
0.00
0.00
132.00
368.00
560.00
696.00
766.00
766.00
696.00
560.00
368.00
132.00
0.00
0.00
0.00
0.00
0.00
0.00
0.00
0.00
0.00
0.00
0.00
0.00
0.00
0.00
131.00
366.00
558.00
693.00
764.00
764.00
693.00
558.00
366.00
131.00
0.00
0.00
0.00
0.00
0.00
0.00
0.00
0.00
0.00
0.00
0.00
0.00
0.00
0.00
129.00
364.00
556.00
691.00
761.00
761.00
691.00
556.00
364.00
129.00
0.00
0.00
0.00
0.00
0.00
0.00
0.00
0.00
0.00
0.00
0.00
0.00
0.00
0.00
128.00
362.00
554.00
689.00
759.00
759.00
689.00
554.00
362.00
128.00
0.00
0.00
0.00
0.00
0.00
0.00
0.00
0.00
0.00
0.00
0.00
0.00
0.00
0.00
126.00
361.00
552.00
687.00
757.00
757.00
687.00
552.00
361.00
126.00
0.00
0.00
0.00
0.00
0.00
0.00
0.00
0.00
0.00
0.00
0.00
0.00
0.00
0.00
125.00
359.00
551.00
686.00
756.00
756.00
686.00
551.00
359.00
125.00
0.00
0.00
0.00
0.00
0.00
0.00
0.00
0.00
0.00
0.00
0.00
0.00
0.00
0.00
124.00
358.00
549.00
684.00
754.00
754.00
684.00
549.00
358.00
124.00
0.00
0.00
0.00
0.00
0.00
0.00
0.00
0.00
0.00
0.00
0.00
0.00
0.00
0.00
123.00
357.00
548.00
683.00
753.00
753.00
683.00
548.00
357.00
123.00
0.00
0.00
0.00
0.00
0.00
0.00
0.00
0.00
0.00
0.00
0.00
0.00
0.00
0.00
122.00
356.00
546.00
681.00
751.00
751.00
681.00
546.00
356.00
122.00
0.00
0.00
0.00
0.00
0.00
0.00
0.00
0.00
0.00
0.00
0.00
0.00
0.00
0.00
121.00
355.00
545.00
680.00
750.00
750.00
680.00
545.00
355.00
121.00
0.00
0.00
0.00
0.00
0.00
0.00
0.00
0.00
0.00
0.00
0.00
0.00
0.00
0.00
120.00
354.00
544.00
679.00
749.00
749.00
679.00
544.00
354.00
120.00
0.00
0.00
0.00
0.00
0.00
0.00
0.00
0.00
0.00
0.00
0.00
0.00
0.00
0.00
120.00
353.00
543.00
678.00
748.00
748.00
678.00
543.00
353.00
120.00
0.00
0.00
0.00
0.00
0.00
0.00
0.00
0.00
0.00
0.00
0.00
0.00
0.00
0.00
119.00
352.00
543.00
677.00
747.00
747.00
677.00
543.00
352.00
119.00
0.00
0.00
0.00
0.00
0.00
0.00
0.00
0.00
0.00
0.00
0.00
0.00
0.00
0.00
119.00
352.00
542.00
677.00
746.00
746.00
677.00
542.00
352.00
119.00
0.00
0.00
0.00
0.00
0.00
0.00
0.00
0.00
0.00
0.00
0.00
0.00
0.00
0.00
118.00
351.00
542.00
676.00
746.00
746.00
676.00
542.00
351.00
118.00
0.00
0.00
0.00
0.00
0.00
0.00
0.00
0.00
0.00
0.00
0.00
0.00
0.00
0.00
118.00
351.00
541.00
676.00
745.00
745.00
676.00
541.00
351.00
118.00
0.00
0.00
0.00
0.00
0.00
0.00
0.00
0.00
0.00
0.00
0.00
0.00
0.00
0.00
118.00
351.00
541.00
675.00
745.00
745.00
675.00
541.00
351.00
118.00
0.00
0.00
0.00
0.00
0.00
0.00
0.00
0.00
0.00
0.00
0.00
0.00
0.00
0.00
118.00
351.00
541.00
675.00
745.00
745.00
675.00
541.00
351.00
118.00
0.00
0.00
0.00
0.00
0.00
0.00
0.00
0.00
0.00
0.00
0.00
0.00
0.00
0.00
118.00
351.00
541.00
675.00
745.00
745.00
675.00
541.00
351.00
118.00
0.00
0.00
0.00
0.00
0.00
0.00
0.00
0.00
0.00
0.00
0.00
0.00
0.00
0.00
118.00
351.00
541.00
675.00
745.00
745.00
675.00
541.00
351.00
118.00
0.00
0.00
0.00
0.00
0.00
0.00
0.00
0.00
0.00
0.00
0.00
0.00
0.00
0.00
118.00
351.00
541.00
676.00
745.00
745.00
676.00
541.00
351.00
118.00
0.00
0.00
0.00
0.00
0.00
0.00
0.00
0.00
0.00
0.00
0.00
0.00
0.00
0.00
119.00
351.00
542.00
676.00
745.00
745.00
676.00
542.00
351.00
119.00
0.00
0.00
0.00
0.00
0.00
0.00
0.00
0.00
0.00
0.00
0.00
0.00
0.00
0.00
119.00
352.00
542.00
676.00
746.00
746.00
676.00
542.00
352.00
119.00
0.00
0.00
0.00
0.00
0.00
0.00
0.00
0.00
0.00
0.00
0.00
0.00
0.00
0.00
120.00
352.00
543.00
677.00
747.00
747.00
677.00
543.00
352.00
120.00
0.00
0.00
0.00
0.00
0.00
0.00
0.00
0.00
0.00
0.00
0.00
0.00
0.00
0.00
120.00
353.00
543.00
678.00
747.00
747.00
678.00
543.00
353.00
120.00
0.00
0.00
0.00
0.00
0.00
0.00
0.00
0.00
0.00
0.00
0.00
0.00
0.00
0.00
121.00
354.00
544.00
679.00
748.00
748.00
679.00
544.00
354.00
121.00
0.00
0.00
0.00
0.00
0.00
0.00
0.00
0.00
0.00
0.00
0.00
0.00
0.00
0.00
122.00
355.00
545.00
680.00
749.00
749.00
680.00
545.00
355.00
122.00
0.00
0.00
0.00
0.00
0.00
0.00
0.00
0.00
0.00
0.00
0.00
0.00
0.00
0.00
123.00
356.00
546.00
681.00
751.00
751.00
681.00
546.00
356.00
123.00
0.00
0.00
0.00
0.00
0.00
0.00
0.00
0.00
0.00
0.00
0.00
0.00
0.00
0.00
124.00
357.00
548.00
682.00
752.00
752.00
682.00
548.00
357.00
124.00
0.00
0.00
0.00
0.00
0.00
0.00
0.00
0.00
0.00
0.00
0.00
0.00
0.00
0.00
125.00
358.00
549.00
684.00
753.00
753.00
684.00
549.00
358.00
125.00
0.00
0.00
0.00
0.00
0.00
0.00
0.00
0.00
0.00
0.00
0.00
0.00
0.00
0.00
126.00
360.00
550.00
685.00
755.00
755.00
685.00
550.00
360.00
126.00
0.00
0.00
0.00
0.00
0.00
0.00
0.00
0.00
0.00
0.00
0.00
0.00
0.00
0.00
127.00
361.00
552.00
687.00
757.00
757.00
687.00
552.00
361.00
127.00
0.00
0.00
0.00
0.00
0.00
0.00
0.00
0.00
0.00
0.00
0.00
0.00
0.00
0.00
129.00
363.00
554.00
689.00
759.00
759.00
689.00
554.00
363.00
129.00
0.00
0.00
0.00
0.00
0.00
0.00
0.00
0.00
0.00
0.00
0.00
0.00
0.00
0.00
130.00
364.00
555.00
691.00
761.00
761.00
691.00
555.00
364.00
130.00
0.00
0.00
0.00
0.00
0.00
0.00
0.00
0.00
0.00
0.00
0.00
0.00
0.00
0.00
132.00
366.00
557.00
693.00
763.00
763.00
693.00
557.00
366.00
132.00
0.00
0.00
0.00
0.00
0.00
0.00
0.00
0.00
0.00
0.00
0.00
0.00
0.00
0.00
133.00
368.00
559.00
695.00
765.00
765.00
695.00
559.00
368.00
133.00
0.00
0.00
0.00
0.00
0.00
0.00
0.00
0.00
0.00
0.00
0.00
0.00
0.00
0.00
135.00
370.00
562.00
697.00
767.00
767.00
697.00
562.00
370.00
135.00
0.00
0.00
0.00
0.00
0.00
0.00
0.00
0.00
0.00
0.00
0.00
0.00
0.00
0.00
137.00
372.00
564.00
700.00
770.00
770.00
700.00
564.00
372.00
137.00
0.00
0.00
0.00
0.00
0.00
0.00
0.00
0.00
0.00
0.00
0.00
0.00
0.00
0.00
139.00
374.00
566.00
702.00
772.00
772.00
702.00
566.00
374.00
139.00
0.00
0.00
0.00
0.00
0.00
0.00
0.00
0.00
0.00
0.00
0.00
0.00
0.00
0.00
141.00
376.00
569.00
705.00
775.00
775.00
705.00
569.00
376.00
141.00
0.00
0.00
0.00
0.00
0.00
0.00
0.00
0.00
0.00
0.00
0.00
0.00
0.00
0.00
143.00
379.00
571.00
707.00
778.00
778.00
707.00
571.00
379.00
143.00
0.00
0.00
0.00
0.00
0.00
0.00
0.00
0.00
0.00
0.00
0.00
0.00
0.00
0.00
145.00
381.00
574.00
710.00
781.00
781.00
710.00
574.00
381.00
145.00
0.00
0.00
0.00
0.00
0.00
0.00
0.00
0.00
0.00
0.00
0.00
0.00
0.00
0.00
148.00
384.00
577.00
713.00
784.00
784.00
713.00
577.00
384.00
148.00
0.00
0.00
0.00
0.00
0.00
0.00
0.00
0.00
0.00
0.00
0.00
0.00
0.00
0.00
150.00
387.00
580.00
716.00
787.00
787.00
716.00
580.00
387.00
150.00
0.00
0.00
0.00
0.00
0.00
0.00
0.00
0.00
0.00
0.00
0.00
0.00
0.00
0.00
152.00
389.00
583.00
720.00
790.00
790.00
720.00
583.00
389.00
152.00
0.00
0.00
0.00
0.00
0.00
0.00
0.00
0.00
0.00
0.00
0.00
0.00
0.00
0.00
155.00
392.00
586.00
723.00
794.00
794.00
723.00
586.00
392.00
155.00
0.00
0.00
0.00
0.00
0.00
0.00
0.00
0.00
0.00
0.00
0.00
0.00
0.00
0.00
158.00
395.00
589.00
726.00
797.00
797.00
726.00
589.00
395.00
158.00
0.00
0.00
0.00
0.00
0.00
0.00
0.00
0.00
0.00
0.00
0.00
0.00
0.00
0.00
160.00
398.00
592.00
730.00
801.00
801.00
730.00
592.00
398.00
160.00
0.00
0.00
0.00
0.00
0.00
0.00
0.00
0.00
0.00
0.00
0.00
0.00
0.00
0.00
163.00
401.00
596.00
733.00
805.00
805.00
733.00
596.00
401.00
163.00
0.00
0.00
0.00
0.00
0.00
0.00
0.00
0.00
0.00
0.00
0.00
0.00
0.00
0.00
166.00
405.00
599.00
737.00
809.00
809.00
737.00
599.00
405.00
166.00
0.00
0.00
0.00
0.00
0.00
0.00
0.00
0.00
0.00
0.00
0.00
0.00
0.00
0.00
169.00
408.00
603.00
741.00
812.00
812.00
741.00
603.00
408.00
169.00
0.00
0.00
0.00
0.00
0.00
0.00
0.00
0.00
0.00
0.00
0.00
0.00
0.00
0.00
172.00
411.00
607.00
745.00
816.00
816.00
745.00
607.00
411.00
172.00
0.00
0.00
0.00
0.00
0.00
0.00
0.00
0.00
0.00
0.00
0.00
0.00
0.00
0.00
175.00
415.00
610.00
749.00
821.00
821.00
749.00
610.00
415.00
175.00
0.00
0.00
0.00
0.00
0.00
0.00
0.00
0.00
0.00
0.00
0.00
0.00
0.00
0.00
178.00
418.00
614.00
753.00
825.00
825.00
753.00
614.00
418.00
178.00
0.00
0.00
0.00
0.00
0.00
0.00
0.00
0.00
0.00
0.00
0.00
0.00
0.00
0.00
181.00
422.00
618.00
757.00
829.00
829.00
757.00
618.00
422.00
181.00
0.00
0.00
0.00
0.00
0.00
0.00
0.00
0.00
0.00
0.00
0.00
0.00
0.00
0.00
185.00
426.00
622.00
761.00
833.00
833.00
761.00
622.00
426.00
185.00
0.00
0.00
0.00
0.00
0.00
0.00
0.00
0.00
0.00
0.00
0.00
0.00
0.00
0.00
188.00
429.00
626.00
766.00
838.00
838.00
766.00
626.00
429.00
188.00
0.00
0.00
0.00
0.00
0.00
0.00
0.00
0.00
0.00
0.00
0.00
0.00
0.00
0.00
192.00
433.00
631.00
770.00
842.00
842.00
770.00
631.00
433.00
192.00
0.00
0.00
0.00
0.00
0.00
0.00
0.00
0.00
0.00
0.00
0.00
0.00
0.00
0.00
195.00
437.00
635.00
775.00
847.00
847.00
775.00
635.00
437.00
195.00
0.00
0.00
0.00
0.00
0.00
0.00
0.00
0.00
0.00
0.00
0.00
0.00
0.00
0.00
199.00
441.00
639.00
779.00
852.00
852.00
779.00
639.00
441.00
199.00
0.00
0.00
0.00
0.00
0.00
0.00
0.00
0.00
0.00
0.00
0.00
0.00
0.00
0.00
202.00
445.00
644.00
784.00
857.00
857.00
784.00
644.00
445.00
202.00
0.00
0.00
0.00
0.00
0.00
0.00
0.00
0.00
0.00
0.00
0.00
0.00
0.00
0.00
206.00
449.00
648.00
789.00
861.00
861.00
789.00
648.00
449.00
206.00
0.00
0.00
0.00
0.00
0.00
0.00
0.00
0.00
0.00
0.00
0.00
0.00
0.00
0.00
210.00
454.00
653.00
794.00
866.00
866.00
794.00
653.00
454.00
210.00
0.00
0.00
0.00
0.00
0.00
0.00
0.00
0.00
0.00
0.00
0.00
0.00
0.00
0.00
214.00
458.00
657.00
798.00
871.00
871.00
798.00
657.00
458.00
214.00
0.00
0.00
0.00
0.00
0.00
0.00
0.00
0.00
0.00
0.00
0.00
0.00
0.00
0.00
218.00
462.00
662.00
803.00
876.00
876.00
803.00
662.00
462.00
218.00
0.00
0.00
0.00
0.00
0.00
0.00
0.00
0.00
0.00
0.00
0.00
0.00
0.00
0.00
222.00
467.00
667.00
808.00
882.00
882.00
808.00
667.00
467.00
222.00
0.00
0.00
0.00
0.00
0.00
0.00
0.00
0.00
0.00
0.00
0.00
0.00
0.00
0.00
226.00
471.00
672.00
813.00
887.00
887.00
813.00
672.00
471.00
226.00
0.00
0.00
0.00
0.00
0.00
0.00
0.00
0.00
0.00
0.00
0.00
0.00
0.00
0.00
230.00
476.00
677.00
819.00
892.00
892.00
819.00
677.00
476.00
230.00
0.00
0.00
0.00
0.00
0.00
0.00
0.00
0.00
0.00
0.00
0.00
0.00
0.00
0.00
234.00
480.00
681.00
824.00
897.00
897.00
824.00
681.00
480.00
234.00
0.00
0.00
0.00
0.00
0.00
0.00
0.00
0.00
0.00
0.00
0.00
0.00
0.00
0.00
238.00
485.00
686.00
829.00
903.00
903.00
829.00
686.00
485.00
238.00
0.00
0.00
0.00
0.00
0.00
0.00
0.00
0.00
0.00
0.00
0.00
0.00
0.00
0.00
242.00
490.00
691.00
834.00
908.00
908.00
834.00
691.00
490.00
242.00
0.00
0.00
0.00
0.00
0.00
0.00
0.00
0.00
0.00
0.00
0.00
0.00
0.00
0.00
247.00
494.00
697.00
840.00
914.00
914.00
840.00
697.00
494.00
247.00
0.00
0.00
0.00
0.00
0.00
0.00
0.00
0.00
0.00
0.00
0.00
0.00
0.00
0.00
251.00
499.00
702.00
845.00
919.00
919.00
845.00
702.00
499.00
251.00
0.00
0.00
0.00
0.00
0.00
0.00
0.00
0.00
0.00
0.00
0.00
0.00
0.00
0.00
255.00
504.00
707.00
850.00
925.00
925.00
850.00
707.00
504.00
255.00
0.00
0.00
0.00
0.00
0.00
0.00
0.00
0.00
0.00
0.00
0.00
0.00
0.00
0.00
260.00
509.00
712.00
856.00
930.00
930.00
856.00
712.00
509.00
260.00
0.00
0.00
0.00
0.00
0.00
0.00
0.00
0.00
0.00
0.00
0.00
0.00
0.00
0.00
264.00
514.00
717.00
861.00
936.00
936.00
861.00
717.00
514.00
264.00
0.00
0.00
0.00
0.00
0.00
0.00
0.00
0.00
0.00
0.00
0.00
0.00
0.00
0.00
269.00
519.00
723.00
867.00
942.00
942.00
867.00
723.00
519.00
269.00
0.00
0.00
0.00
0.00
0.00
0.00
0.00
0.00
0.00
0.00
0.00
0.00
0.00
0.00
273.00
524.00
728.00
872.00
947.00
947.00
872.00
728.00
524.00
273.00
0.00
0.00
0.00
0.00
0.00
0.00
0.00
0.00
0.00
0.00
0.00
0.00
0.00
0.00
278.00
529.00
733.00
878.00
953.00
953.00
878.00
733.00
529.00
278.00
0.00
0.00
0.00
0.00
0.00
0.00
0.00
0.00
0.00
0.00
0.00
0.00
0.00
0.00
283.00
534.00
739.00
884.00
959.00
959.00
884.00
739.00
534.00
283.00
0.00
0.00
0.00
0.00
0.00
0.00
0.00
0.00
0.00
0.00
0.00
0.00
0.00
0.00
287.00
539.00
744.00
889.00
965.00
965.00
889.00
744.00
539.00
287.00
0.00
0.00
0.00
0.00
0.00
0.00
0.00
0.00
0.00
0.00
0.00
0.00
0.00
0.00
292.00
544.00
750.00
895.00
970.00
970.00
895.00
750.00
544.00
292.00
0.00
0.00
0.00
0.00
0.00
0.00
0.00
0.00
0.00
0.00
0.00
0.00
0.00
0.00
297.00
549.00
755.00
901.00
976.00
976.00
901.00
755.00
549.00
297.00
0.00
0.00
0.00
0.00
0.00
0.00
0.00
0.00
0.00
0.00
0.00
0.00
0.00
0.00
302.00
554.00
761.00
907.00
982.00
982.00
907.00
761.00
554.00
302.00
0.00
0.00
0.00
0.00
0.00
0.00
0.00
0.00
0.00
0.00
0.00
0.00
0.00
0.00
306.00
560.00
766.00
912.00
988.00
988.00
912.00
766.00
560.00
306.00
0.00
0.00
0.00
0.00
0.00
0.00
0.00
0.00
0.00
0.00
0.00
0.00
0.00
0.00
311.00
565.00
772.00
918.00
994.00
994.00
918.00
772.00
565.00
311.00
0.00
0.00
0.00
0.00
0.00
0.00
0.00
0.00
0.00
0.00
0.00
0.00
0.00
0.00
316.00
570.00
777.00
924.00
1000.00
1000.00
924.00
777.00
570.00
316.00
0.00
0.00
0.00
0.00
0.00
0.00
0.00
0.00
0.00
0.00
0.00
0.00
0.00
0.00
321.00
575.00
783.00
930.00
1006.00
1006.00
930.00
783.00
575.00
321.00
0.00
0.00
0.00
0.00
0.00
0.00
0.00
0.00
0.00
0.00
0.00
0.00
0.00
0.00
326.00
581.00
789.00
936.00
1012.00
1012.00
936.00
789.00
581.00
326.00
0.00
0.00
0.00
0.00
0.00
0.00
0.00
0.00
0.00
0.00
0.00
0.00
0.00
0.00
331.00
586.00
794.00
941.00
1018.00
1018.00
941.00
794.00
586.00
331.00
0.00
0.00
0.00
0.00
0.00
0.00
0.00
0.00
0.00
0.00
0.00
0.00
0.00
0.00
336.00
591.00
800.00
947.00
1023.00
1023.00
947.00
800.00
591.00
336.00
0.00
0.00
0.00
0.00
0.00
0.00
0.00
0.00
0.00
0.00
0.00
0.00
0.00
0.00
341.00
597.00
805.00
953.00
1029.00
1029.00
953.00
805.00
597.00
341.00
0.00
0.00
0.00
0.00
0.00
0.00
0.00
0.00
0.00
0.00
0.00
0.00
0.00
60.00
346.00
602.00
811.00
959.00
1035.00
1035.00
959.00
811.00
602.00
346.00
60.00
0.00
0.00
0.00
0.00
0.00
0.00
0.00
0.00
0.00
0.00
0.00
0.00
65.00
351.00
607.00
817.00
965.00
1041.00
1041.00
965.00
817.00
607.00
351.00
65.00
0.00
0.00
0.00
0.00
0.00
0.00
0.00
0.00
0.00
0.00
0.00
0.00
70.00
356.00
613.00
822.00
970.00
1047.00
1047.00
970.00
822.00
613.00
356.00
70.00
0.00
0.00
0.00
0.00
0.00
0.00
0.00
0.00
0.00
0.00
0.00
0.00
75.00
361.00
618.00
828.00
976.00
1053.00
1053.00
976.00
828.00
618.00
361.00
75.00
0.00
0.00
0.00
0.00
0.00
0.00
0.00
0.00
0.00
0.00
0.00
0.00
79.00
366.00
624.00
834.00
982.00
1059.00
1059.00
982.00
834.00
624.00
366.00
79.00
0.00
0.00
0.00
0.00
0.00
0.00
0.00
0.00
0.00
0.00
0.00
0.00
84.00
371.00
629.00
839.00
988.00
1065.00
1065.00
988.00
839.00
629.00
371.00
84.00
0.00
0.00
0.00
0.00
0.00
0.00
0.00
0.00
0.00
0.00
0.00
0.00
89.00
376.00
634.00
845.00
994.00
1071.00
1071.00
994.00
845.00
634.00
376.00
89.00
0.00
0.00
0.00
0.00
0.00
0.00
0.00
0.00
0.00
0.00
0.00
0.00
94.00
382.00
640.00
850.00
999.00
1077.00
1077.00
999.00
850.00
640.00
382.00
94.00
0.00
0.00
0.00
0.00
0.00
0.00
0.00
0.00
0.00
0.00
0.00
0.00
98.00
387.00
645.00
856.00
1005.00
1082.00
1082.00
1005.00
856.00
645.00
387.00
98.00
0.00
0.00
0.00
0.00
0.00
0.00
0.00
0.00
0.00
0.00
0.00
0.00
103.00
392.00
650.00
862.00
1011.00
1088.00
1088.00
1011.00
862.00
650.00
392.00
103.00
0.00
0.00
0.00
0.00
0.00
0.00
0.00
0.00
0.00
0.00
0.00
0.00
108.00
397.00
656.00
867.00
1017.00
1094.00
1094.00
1017.00
867.00
656.00
397.00
108.00
0.00
0.00
0.00
0.00
0.00
0.00
0.00
0.00
0.00
0.00
0.00
0.00
113.00
402.00
661.00
873.00
1022.00
1100.00
1100.00
1022.00
873.00
661.00
402.00
113.00
0.00
0.00
0.00
0.00
0.00
0.00
0.00
0.00
0.00
0.00
0.00
0.00
118.00
407.00
667.00
878.00
1028.00
1106.00
1106.00
1028.00
878.00
667.00
407.00
118.00
0.00
0.00
0.00
0.00
0.00
0.00
0.00
0.00
0.00
0.00
0.00
0.00
123.00
412.00
672.00
884.00
1034.00
1111.00
1111.00
1034.00
884.00
672.00
412.00
123.00
0.00
0.00
0.00
0.00
0.00
0.00
0.00
0.00
0.00
0.00
0.00
0.00
128.00
417.00
677.00
889.00
1039.00
1117.00
1117.00
1039.00
889.00
677.00
417.00
128.00
0.00
0.00
0.00
0.00
0.00
0.00
0.00
0.00
0.00
0.00
0.00
0.00
133.00
423.00
683.00
895.00
1045.00
1123.00
1123.00
1045.00
895.00
683.00
423.00
133.00
0.00
0.00
0.00
0.00
0.00
0.00
0.00
0.00
0.00
0.00
0.00
0.00
137.00
428.00
688.00
900.00
1051.00
1128.00
1128.00
1051.00
900.00
688.00
428.00
137.00
0.00
0.00
0.00
0.00
0.00
0.00
0.00
0.00
0.00
0.00
0.00
0.00
142.00
433.00
693.00
906.00
1056.00
1134.00
1134.00
1056.00
906.00
693.00
433.00
142.00
0.00
0.00
0.00
0.00
0.00
0.00
0.00
0.00
0.00
0.00
0.00
0.00
147.00
438.00
698.00
911.00
1062.00
1139.00
1139.00
1062.00
911.00
698.00
438.00
147.00
0.00
0.00
0.00
0.00
0.00
0.00
0.00
0.00
0.00
0.00
0.00
0.00
152.00
443.00
704.00
916.00
1067.00
1145.00
1145.00
1067.00
916.00
704.00
443.00
152.00
0.00
0.00
0.00
0.00
0.00
0.00
0.00
0.00
0.00
0.00
0.00
0.00
157.00
448.00
709.00
922.00
1072.00
1150.00
1150.00
1072.00
922.00
709.00
448.00
157.00
0.00
0.00
0.00
0.00
0.00
0.00
0.00
0.00
0.00
0.00
0.00
0.00
162.00
453.00
714.00
927.00
1078.00
1156.00
1156.00
1078.00
927.00
714.00
453.00
162.00
0.00
0.00
0.00
0.00
0.00
0.00
0.00
0.00
0.00
0.00
0.00
0.00
167.00
458.00
719.00
932.00
1083.00
1161.00
1161.00
1083.00
932.00
719.00
458.00
167.00
0.00
0.00
0.00
0.00
0.00
0.00
0.00
0.00
0.00
0.00
0.00
0.00
172.00
463.00
724.00
938.00
1088.00
1166.00
1166.00
1088.00
938.00
724.00
463.00
172.00
0.00
0.00
0.00
0.00
0.00
0.00
0.00
0.00
0.00
0.00
0.00
0.00
177.00
468.00
730.00
943.00
1094.00
1172.00
1172.00
1094.00
943.00
730.00
468.00
177.00
0.00
0.00
0.00
0.00
0.00
0.00
0.00
0.00
0.00
0.00
0.00
0.00
182.00
473.00
735.00
948.00
1099.00
1177.00
1177.00
1099.00
948.00
735.00
473.00
182.00
0.00
0.00
0.00
0.00
0.00
0.00
0.00
0.00
0.00
0.00
0.00
0.00
187.00
478.00
740.00
953.00
1104.00
1182.00
1182.00
1104.00
953.00
740.00
478.00
187.00
0.00
0.00
0.00
0.00
0.00
0.00
0.00
0.00
0.00
0.00
0.00
0.00
192.00
483.00
745.00
958.00
1109.00
1187.00
1187.00
1109.00
958.00
745.00
483.00
192.00
0.00
0.00
0.00
0.00
0.00
0.00
0.00
0.00
0.00
0.00
0.00
0.00
196.00
488.00
750.00
963.00
1114.00
1192.00
1192.00
1114.00
963.00
750.00
488.00
196.00
0.00
0.00
0.00
0.00
0.00
0.00
0.00
0.00
0.00
0.00
0.00
0.00
201.00
493.00
755.00
968.00
1119.00
1197.00
1197.00
1119.00
968.00
755.00
493.00
201.00
0.00
0.00
0.00
0.00
0.00
0.00
0.00
0.00
0.00
0.00
0.00
0.00
206.00
498.00
760.00
973.00
1124.00
1202.00
1202.00
1124.00
973.00
760.00
498.00
206.00
0.00
0.00
0.00
0.00
0.00
0.00
0.00
0.00
0.00
0.00
0.00
0.00
211.00
503.00
764.00
978.00
1129.00
1207.00
1207.00
1129.00
978.00
764.00
503.00
211.00
0.00
0.00
0.00
0.00
0.00
0.00
0.00
0.00
0.00
0.00
0.00
0.00
216.00
508.00
769.00
983.00
1134.00
1212.00
1212.00
1134.00
983.00
769.00
508.00
216.00
0.00
0.00
0.00
0.00
0.00
0.00
0.00
0.00
0.00
0.00
0.00
0.00
221.00
513.00
774.00
988.00
1139.00
1217.00
1217.00
1139.00
988.00
774.00
513.00
221.00
0.00
0.00
0.00
0.00
0.00
0.00
0.00
0.00
0.00
0.00
0.00
0.00
226.00
517.00
779.00
992.00
1143.00
1222.00
1222.00
1143.00
992.00
779.00
517.00
226.00
0.00
0.00
0.00
0.00
0.00
0.00
0.00
0.00
0.00
0.00
0.00
0.00
230.00
522.00
784.00
997.00
1148.00
1226.00
1226.00
1148.00
997.00
784.00
522.00
230.00
0.00
0.00
0.00
0.00
0.00
0.00
0.00
0.00
0.00
0.00
0.00
0.00
235.00
527.00
788.00
1002.00
1153.00
1231.00
1231.00
1153.00
1002.00
788.00
527.00
235.00
0.00
0.00
0.00
0.00
0.00
0.00
0.00
0.00
0.00
0.00
0.00
0.00
240.00
531.00
793.00
1006.00
1157.00
1235.00
1235.00
1157.00
1006.00
793.00
531.00
240.00
0.00
0.00
0.00
0.00
0.00
0.00
0.00
0.00
0.00
0.00
0.00
0.00
245.00
536.00
797.00
1011.00
1162.00
1240.00
1240.00
1162.00
1011.00
797.00
536.00
245.00
0.00
0.00
0.00
0.00
0.00
0.00
0.00
0.00
0.00
0.00
0.00
0.00
249.00
541.00
802.00
1015.00
1166.00
1244.00
1244.00
1166.00
1015.00
802.00
541.00
249.00
0.00
0.00
0.00
0.00
0.00
0.00
0.00
0.00
0.00
0.00
0.00
0.00
254.00
545.00
806.00
1020.00
1171.00
1249.00
1249.00
1171.00
1020.00
806.00
545.00
254.00
0.00
0.00
0.00
0.00
0.00
0.00
0.00
0.00
0.00
0.00
0.00
0.00
259.00
550.00
811.00
1024.00
1175.00
1253.00
1253.00
1175.00
1024.00
811.00
550.00
259.00
0.00
0.00
0.00
0.00
0.00
0.00
0.00
0.00
0.00
0.00
0.00
0.00
263.00
554.00
815.00
1028.00
1179.00
1257.00
1257.00
1179.00
1028.00
815.00
554.00
263.00
0.00
0.00
0.00
0.00
0.00
0.00
0.00
0.00
0.00
0.00
0.00
0.00
268.00
559.00
820.00
1033.00
1183.00
1261.00
1261.00
1183.00
1033.00
820.00
559.00
268.00
0.00
0.00
0.00
0.00
0.00
0.00
0.00
0.00
0.00
0.00
0.00
0.00
272.00
563.00
824.00
1037.00
1187.00
1265.00
1265.00
1187.00
1037.00
824.00
563.00
272.00
0.00
0.00
0.00
0.00
0.00
0.00
0.00
0.00
0.00
0.00
0.00
0.00
277.00
567.00
828.00
1041.00
1191.00
1269.00
1269.00
1191.00
1041.00
828.00
567.00
277.00
0.00
0.00
0.00
0.00
0.00
0.00
0.00
0.00
0.00
0.00
0.00
0.00
281.00
572.00
832.00
1045.00
1195.00
1273.00
1273.00
1195.00
1045.00
832.00
572.00
281.00
0.00
0.00
0.00
0.00
0.00
0.00
0.00
0.00
0.00
0.00
0.00
0.00
286.00
576.00
836.00
1049.00
1199.00
1277.00
1277.00
1199.00
1049.00
836.00
576.00
286.00
0.00
0.00
0.00
0.00
0.00
0.00
0.00
0.00
0.00
0.00
0.00
0.00
290.00
580.00
840.00
1053.00
1203.00
1281.00
1281.00
1203.00
1053.00
840.00
580.00
290.00
0.00
0.00
0.00
0.00
0.00
0.00
0.00
0.00
0.00
0.00
0.00
0.00
294.00
584.00
844.00
1057.00
1207.00
1284.00
1284.00
1207.00
1057.00
844.00
584.00
294.00
0.00
0.00
0.00
0.00
0.00
0.00
0.00
0.00
0.00
0.00
0.00
0.00
299.00
589.00
848.00
1060.00
1210.00
1288.00
1288.00
1210.00
1060.00
848.00
589.00
299.00
0.00
0.00
0.00
0.00
0.00
0.00
0.00
0.00
0.00
0.00
0.00
0.00
303.00
593.00
852.00
1064.00
1214.00
1292.00
1292.00
1214.00
1064.00
852.00
593.00
303.00
0.00
0.00
0.00
0.00
0.00
0.00
0.00
0.00
0.00
0.00
0.00
0.00
307.00
597.00
856.00
1068.00
1218.00
1295.00
1295.00
1218.00
1068.00
856.00
597.00
307.00
0.00
0.00
0.00
0.00
0.00
0.00
0.00
0.00
0.00
0.00
0.00
0.00
311.00
601.00
860.00
1071.00
1221.00
1298.00
1298.00
1221.00
1071.00
860.00
601.00
311.00
0.00
0.00
0.00
0.00
0.00
0.00
0.00
0.00
0.00
0.00
0.00
0.00
316.00
604.00
863.00
1075.00
1224.00
1302.00
1302.00
1224.00
1075.00
863.00
604.00
316.00
0.00
0.00
0.00
0.00
0.00
0.00
0.00
0.00
0.00
0.00
0.00
0.00
320.00
608.00
867.00
1078.00
1228.00
1305.00
1305.00
1228.00
1078.00
867.00
608.00
320.00
0.00
0.00
0.00
0.00
0.00
0.00
0.00
0.00
0.00
0.00
0.00
0.00
324.00
612.00
871.00
1082.00
1231.00
1308.00
1308.00
1231.00
1082.00
871.00
612.00
324.00
0.00
0.00
0.00
0.00
0.00
0.00
0.00
0.00
0.00
0.00
0.00
0.00
328.00
616.00
874.00
1085.00
1234.00
1311.00
1311.00
1234.00
1085.00
874.00
616.00
328.00
0.00
0.00
0.00
0.00
0.00
0.00
0.00
0.00
0.00
0.00
0.00
0.00
332.00
619.00
878.00
1088.00
1237.00
1314.00
1314.00
1237.00
1088.00
878.00
619.00
332.00
0.00
0.00
0.00
0.00
0.00
0.00
0.00
0.00
0.00
0.00
0.00
0.00
336.00
623.00
881.00
1091.00
1240.00
1317.00
1317.00
1240.00
1091.00
881.00
623.00
336.00
0.00
0.00
0.00
0.00
0.00
0.00
0.00
0.00
0.00
0.00
0.00
0.00
339.00
627.00
884.00
1095.00
1243.00
1320.00
1320.00
1243.00
1095.00
884.00
627.00
339.00
0.00
0.00
0.00
0.00
0.00
0.00
0.00
0.00
0.00
0.00
0.00
0.00
343.00
630.00
887.00
1098.00
1246.00
1323.00
1323.00
1246.00
1098.00
887.00
630.00
343.00
0.00
0.00
0.00
0.00
0.00
0.00
0.00
0.00
0.00
0.00
0.00
0.00
347.00
634.00
891.00
1101.00
1249.00
1326.00
1326.00
1249.00
1101.00
891.00
634.00
347.00
0.00
0.00
0.00
0.00
0.00
0.00
0.00
0.00
0.00
0.00
0.00
0.00
350.00
637.00
894.00
1103.00
1252.00
1329.00
1329.00
1252.00
1103.00
894.00
637.00
350.00
0.00
0.00
0.00
0.00
0.00
0.00
0.00
0.00
0.00
0.00
0.00
58.00
354.00
640.00
897.00
1106.00
1254.00
1331.00
1331.00
1254.00
1106.00
897.00
640.00
354.00
58.00
0.00
0.00
0.00
0.00
0.00
0.00
0.00
0.00
0.00
0.00
62.00
358.00
643.00
900.00
1109.00
1257.00
1334.00
1334.00
1257.00
1109.00
900.00
643.00
358.00
62.00
0.00
0.00
0.00
0.00
0.00
0.00
0.00
0.00
0.00
0.00
65.00
361.00
647.00
903.00
1112.00
1260.00
1336.00
1336.00
1260.00
1112.00
903.00
647.00
361.00
65.00
0.00
0.00
0.00
0.00
0.00
0.00
0.00
0.00
0.00
0.00
69.00
364.00
650.00
906.00
1114.00
1262.00
1339.00
1339.00
1262.00
1114.00
906.00
650.00
364.00
69.00
0.00
0.00
0.00
0.00
0.00
0.00
0.00
0.00
0.00
0.00
73.00
368.00
653.00
908.00
1117.00
1265.00
1341.00
1341.00
1265.00
1117.00
908.00
653.00
368.00
73.00
0.00
0.00
0.00
0.00
0.00
0.00
0.00
0.00
0.00
0.00
76.00
371.00
656.00
911.00
1119.00
1267.00
1343.00
1343.00
1267.00
1119.00
911.00
656.00
371.00
76.00
0.00
0.00
0.00
0.00
0.00
0.00
0.00
0.00
0.00
0.00
80.00
374.00
659.00
914.00
1122.00
1269.00
1345.00
1345.00
1269.00
1122.00
914.00
659.00
374.00
80.00
0.00
0.00
0.00
0.00
0.00
0.00
0.00
0.00
0.00
0.00
83.00
377.00
662.00
916.00
1124.00
1271.00
1347.00
1347.00
1271.00
1124.00
916.00
662.00
377.00
83.00
0.00
0.00
0.00
0.00
0.00
0.00
0.00
0.00
0.00
0.00
87.00
381.00
664.00
919.00
1127.00
1273.00
1350.00
1350.00
1273.00
1127.00
919.00
664.00
381.00
87.00
0.00
0.00
0.00
0.00
0.00
0.00
0.00
0.00
0.00
0.00
90.00
384.00
667.00
921.00
1129.00
1276.00
1352.00
1352.00
1276.00
1129.00
921.00
667.00
384.00
90.00
0.00
0.00
0.00
0.00
0.00
0.00
0.00
0.00
0.00
0.00
93.00
386.00
670.00
924.00
1131.00
1278.00
1353.00
1353.00
1278.00
1131.00
924.00
670.00
386.00
93.00
0.00
0.00
0.00
0.00
0.00
0.00
0.00
0.00
0.00
0.00
96.00
389.00
672.00
926.00
1133.00
1280.00
1355.00
1355.00
1280.00
1133.00
926.00
672.00
389.00
96.00
0.00
0.00
0.00
0.00
0.00
0.00
0.00
0.00
0.00
0.00
99.00
392.00
675.00
928.00
1135.00
1281.00
1357.00
1357.00
1281.00
1135.00
928.00
675.00
392.00
99.00
0.00
0.00
0.00
0.00
0.00
0.00
0.00
0.00
0.00
0.00
102.00
395.00
677.00
930.00
1137.00
1283.00
1359.00
1359.00
1283.00
1137.00
930.00
677.00
395.00
102.00
0.00
0.00
0.00
0.00
0.00
0.00
0.00
0.00
0.00
0.00
105.00
397.00
680.00
932.00
1139.00
1285.00
1361.00
1361.00
1285.00
1139.00
932.00
680.00
397.00
105.00
0.00
0.00
0.00
0.00
0.00
0.00
0.00
0.00
0.00
0.00
108.00
400.00
682.00
934.00
1141.00
1287.00
1362.00
1362.00
1287.00
1141.00
934.00
682.00
400.00
108.00
0.00
0.00
0.00
0.00
0.00
0.00
0.00
0.00
0.00
0.00
111.00
402.00
684.00
936.00
1143.00
1288.00
1364.00
1364.00
1288.00
1143.00
936.00
684.00
402.00
111.00
0.00
0.00
0.00
0.00
0.00
0.00
0.00
0.00
0.00
0.00
114.00
405.00
686.00
938.00
1144.00
1290.00
1365.00
1365.00
1290.00
1144.00
938.00
686.00
405.00
114.00
0.00
0.00
0.00
0.00
0.00
0.00
0.00
0.00
0.00
0.00
116.00
407.00
688.00
940.00
1146.00
1291.00
1367.00
1367.00
1291.00
1146.00
940.00
688.00
407.00
116.00
0.00
0.00
0.00
0.00
0.00
0.00
0.00
0.00
0.00
0.00
119.00
409.00
690.00
942.00
1148.00
1293.00
1368.00
1368.00
1293.00
1148.00
942.00
690.00
409.00
119.00
0.00
0.00
0.00
0.00
0.00
0.00
0.00
0.00
0.00
0.00
121.00
412.00
692.00
944.00
1149.00
1294.00
1369.00
1369.00
1294.00
1149.00
944.00
692.00
412.00
121.00
0.00
0.00
0.00
0.00
0.00
0.00
0.00
0.00
0.00
0.00
124.00
414.00
694.00
945.00
1151.00
1296.00
1371.00
1371.00
1296.00
1151.00
945.00
694.00
414.00
124.00
0.00
0.00
0.00
0.00
0.00
0.00
0.00
0.00
0.00
0.00
126.00
416.00
696.00
947.00
1152.00
1297.00
1372.00
1372.00
1297.00
1152.00
947.00
696.00
416.00
126.00
0.00
0.00
0.00
0.00
0.00
0.00
0.00
0.00
0.00
0.00
128.00
418.00
698.00
948.00
1153.00
1298.00
1373.00
1373.00
1298.00
1153.00
948.00
698.00
418.00
128.00
0.00
0.00
0.00
0.00
0.00
0.00
0.00
0.00
0.00
0.00
130.00
420.00
699.00
950.00
1155.00
1299.00
1374.00
1374.00
1299.00
1155.00
950.00
699.00
420.00
130.00
0.00
0.00
0.00
0.00
0.00
0.00
0.00
0.00
0.00
0.00
132.00
421.00
701.00
951.00
1156.00
1300.00
1375.00
1375.00
1300.00
1156.00
951.00
701.00
421.00
132.00
0.00
0.00
0.00
0.00
0.00
0.00
0.00
0.00
0.00
0.00
134.00
423.00
702.00
953.00
1157.00
1302.00
1376.00
1376.00
1302.00
1157.00
953.00
702.00
423.00
134.00
0.00
0.00
0.00
0.00
0.00
0.00
0.00
0.00
0.00
0.00
136.00
425.00
704.00
954.00
1158.00
1303.00
1377.00
1377.00
1303.00
1158.00
954.00
704.00
425.00
136.00
0.00
0.00
0.00
0.00
0.00
0.00
0.00
0.00
0.00
0.00
137.00
426.00
705.00
955.00
1159.00
1303.00
1378.00
1378.00
1303.00
1159.00
955.00
705.00
426.00
137.00
0.00
0.00
0.00
0.00
0.00
0.00
0.00
0.00
0.00
0.00
139.00
428.00
706.00
956.00
1160.00
1304.00
1379.00
1379.00
1304.00
1160.00
956.00
706.00
428.00
139.00
0.00
0.00
0.00
0.00
0.00
0.00
0.00
0.00
0.00
0.00
141.00
429.00
707.00
957.00
1161.00
1305.00
1380.00
1380.00
1305.00
1161.00
957.00
707.00
429.00
141.00
0.00
0.00
0.00
0.00
0.00
0.00
0.00
0.00
0.00
0.00
142.00
430.00
709.00
958.00
1162.00
1306.00
1381.00
1381.00
1306.00
1162.00
958.00
709.00
430.00
142.00
0.00
0.00
0.00
0.00
0.00
0.00
0.00
0.00
0.00
0.00
143.00
431.00
710.00
959.00
1163.00
1307.00
1381.00
1381.00
1307.00
1163.00
959.00
710.00
431.00
143.00
0.00
0.00
0.00
0.00
0.00
0.00
0.00
0.00
0.00
0.00
144.00
432.00
711.00
960.00
1164.00
1308.00
1382.00
1382.00
1308.00
1164.00
960.00
711.00
432.00
144.00
0.00
0.00
0.00
0.00
0.00
0.00
0.00
0.00
0.00
0.00
146.00
433.00
712.00
961.00
1164.00
1308.00
1383.00
1383.00
1308.00
1164.00
961.00
712.00
433.00
146.00
0.00
0.00
0.00
0.00
0.00
0.00
0.00
0.00
0.00
0.00
147.00
434.00
712.00
962.00
1165.00
1309.00
1383.00
1383.00
1309.00
1165.00
962.00
712.00
434.00
147.00
0.00
0.00
0.00
0.00
0.00
0.00
0.00
0.00
0.00
0.00
148.00
435.00
713.00
962.00
1166.00
1309.00
1384.00
1384.00
1309.00
1166.00
962.00
713.00
435.00
148.00
0.00
0.00
0.00
0.00
0.00
0.00
0.00
0.00
0.00
0.00
148.00
436.00
714.00
963.00
1166.00
1310.00
1384.00
1384.00
1310.00
1166.00
963.00
714.00
436.00
148.00
0.00
0.00
0.00
0.00
0.00
0.00
0.00
0.00
0.00
0.00
149.00
437.00
714.00
963.00
1167.00
1310.00
1385.00
1385.00
1310.00
1167.00
963.00
714.00
437.00
149.00
0.00
0.00
0.00
0.00
0.00
0.00
0.00
0.00
0.00
0.00
150.00
437.00
715.00
964.00
1167.00
1311.00
1385.00
1385.00
1311.00
1167.00
964.00
715.00
437.00
150.00
0.00
0.00
0.00
0.00
0.00
0.00
0.00
0.00
0.00
0.00
150.00
438.00
715.00
964.00
1168.00
1311.00
1386.00
1386.00
1311.00
1168.00
964.00
715.00
438.00
150.00
0.00
0.00
0.00
0.00
0.00
0.00
0.00
0.00
0.00
0.00
151.00
438.00
716.00
965.00
1168.00
1312.00
1386.00
1386.00
1312.00
1168.00
965.00
716.00
438.00
151.00
0.00
0.00
0.00
0.00
0.00
0.00
0.00
0.00
0.00
0.00
151.00
438.00
716.00
965.00
1168.00
1312.00
1386.00
1386.00
1312.00
1168.00
965.00
716.00
438.00
151.00
0.00
0.00
0.00
0.00
0.00
0.00
0.00
0.00
0.00
0.00
151.00
439.00
716.00
965.00
1168.00
1312.00
1387.00
1387.00
1312.00
1168.00
965.00
716.00
439.00
151.00
0.00
0.00
0.00
0.00
0.00
0.00
0.00
0.00
0.00
0.00
151.00
439.00
716.00
965.00
1169.00
1312.00
1387.00
1387.00
1312.00
1169.00
965.00
716.00
439.00
151.00
0.00
0.00
0.00
0.00
0.00
0.00
0.00
0.00
0.00
0.00
151.00
439.00
716.00
965.00
1169.00
1313.00
1387.00
1387.00
1313.00
1169.00
965.00
716.00
439.00
151.00
0.00
0.00
0.00
0.00
0.00
0.00
0.00
0.00
0.00
0.00
151.00
439.00
716.00
965.00
1169.00
1313.00
1387.00
1387.00
1313.00
1169.00
965.00
716.00
439.00
151.00
0.00
0.00
0.00
0.00
0.00
0.00
0.00
0.00
0.00
0.00
151.00
439.00
716.00
965.00
1169.00
1313.00
1387.00
1387.00
1313.00
1169.00
965.00
716.00
439.00
151.00
0.00
0.00
0.00
0.00
0.00
0.00
0.00
0.00
0.00
0.00
151.00
438.00
716.00
965.00
1169.00
1313.00
1387.00
1387.00
1313.00
1169.00
965.00
716.00
438.00
151.00
0.00
0.00
0.00
0.00
0.00
0.00
0.00
0.00
0.00
0.00
150.00
438.00
716.00
965.00
1169.00
1313.00
1387.00
1387.00
1313.00
1169.00
965.00
716.00
438.00
150.00
0.00
0.00
0.00
0.00
0.00
0.00
0.00
0.00
0.00
0.00
150.00
438.00
716.00
965.00
1169.00
1313.00
1387.00
1387.00
1313.00
1169.00
965.00
716.00
438.00
150.00
0.00
0.00
0.00
0.00
0.00
0.00
0.00
0.00
0.00
0.00
149.00
437.00
715.00
965.00
1168.00
1312.00
1387.00
1387.00
1312.00
1168.00
965.00
715.00
437.00
149.00
0.00
0.00
0.00
0.00
0.00
0.00
0.00
0.00
0.00
0.00
148.00
436.00
715.00
964.00
1168.00
1312.00
1387.00
1387.00
1312.00
1168.00
964.00
715.00
436.00
148.00
0.00
0.00
0.00
0.00
0.00
0.00
0.00
0.00
0.00
0.00
147.00
436.00
714.00
964.00
1168.00
1312.00
1387.00
1387.00
1312.00
1168.00
964.00
714.00
436.00
147.00
0.00
0.00
0.00
0.00
0.00