0
0
0
0
0
10
98
122
34
407
455
231
87
199
396
134
82
0
30
0
0
0
0
0
0
0
0
0
0
8
83
341
361
270
453
451
460
500
512
552
138
92
74
0
0
0
0
0
0
0
0
0
0
42
148
293
461
246
751
299
640
222
693
100
94
194
37
0
0
0
0
0
0
0
0
0
0
33
189
214
408
648
702
623
1004
917
566
441
365
265
24
0
0
0
0
0
0
0
0
0
0
25
116
117
110
446
588
232
569
292
64
238
177
142
1
0
0
0
0
0
0
0
0
0
0
13
57
134
106
69
124
198
141
313
129
227
178
64
7
0
0
0
0
0
0
0
0
0
0
45
128
447
452
827
394
885
680
688
745
367
172
204
20
0
0
0
0
0
0
0
0
0
0
41
84
217
426
763
885
363
607
641
671
585
116
127
52
0
0
0
0
0
0
0
0
0
0
52
202
466
648
572
787
962
745
716
774
554
456
230
56
0
0
0
0
0
0
0
0
0
0
37
56
428
624
397
539
534
840
258
352
391
365
42
39
0
0
0
0
0
0
0
0
0
0
39
77
347
567
484
700
609
509
837
572
205
169
239
22
0
0
0
0
0
0
0
0
0
0
49
127
231
661
855
969
787
912
877
549
337
343
206
57
0
0
0
0
0
0
0
0
0
0
49
148
322
685
399
782
691
554
944
791
288
473
186
53
0
0
0
0
0
0
0
0
0
0
51
226
377
506
746
604
703
792
956
510
697
492
182
58
0
0
0
0
0
0
0
0
0
0
45
234
198
659
777
648
1048
789
492
853
329
188
112
50
0
0
0
0
0
0
0
0
0
0
55
237
348
646
859
834
1050
900
1039
776
539
474
188
63
0
0
0
0
0
0
0
0
0
0
32
207
287
424
242
683
646
747
370
405
454
140
154
35
0
0
0
0
0
0
0
0
0
0
18
22
255
301
186
519
96
560
350
204
126
144
143
20
0
0
0
0
0
0
0
0
0
0
44
247
310
352
899
773
973
622
992
572
380
393
246
52
0
0
0
0
0
0
0
0
0
0
39
250
173
484
854
609
461
956
470
656
539
323
239
44
0
0
0
0
0
0
0
0
0
0
34
134
390
542
512
739
536
774
558
756
518
319
73
39
0
0
0
0
0
0
0
0
0
0
33
248
154
357
805
847
427
676
840
270
368
140
201
37
0
0
0
0
0
0
0
0
0
0
49
243
457
692
871
928
972
1001
882
833
594
439
200
55
0
0
0
0
0
0
0
0
0
0
27
196
86
464
325
511
472
453
691
651
592
373
42
32
0
0
0
0
0
0
0
0
0
0
31
125
313
369
775
398
952
827
614
481
594
190
179
36
0
0
0
0
0
0
0
0
0
0
40
207
260
649
787
926
959
703
835
676
560
336
162
44
0
0
0
0
0
0
0
0
0
0
28
102
405
547
708
444
788
702
440
783
225
200
131
32
0
0
0
0
0
0
0
0
0
0
27
61
304
206
694
821
675
544
746
544
418
420
118
32
0
0
0
0
0
0
0
0
0
0
31
118
448
521
568
593
975
922
699
542
318
260
137
36
0
0
0
0
0
0
0
0
0
0
31
198
399
652
660
532
861
1002
762
658
365
243
193
36
0
0
0
0
0
0
0
0
0
0
14
87
151
265
466
559
125
536
190
321
159
130
2
16
0
0
0
0
0
0
0
0
0
0
21
203
283
359
484
372
712
750
432
636
278
254
160
25
0
0
0
0
0
0
0
0
0
0
26
226
395
517
830
474
486
811
551
396
416
361
173
31
0
0
0
0
0
0
0
0
0
0
38
217
434
661
871
1031
1118
1118
1031
871
661
434
217
44
0
0
0
0
0
0
0
0
0
0
23
210
281
361
406
924
762
507
415
621
562
356
134
27
0
0
0
0
0
0
0
0
0
0
22
84
195
474
805
716
637
565
501
760
518
279
147
25
0
0
0
0
0
0
0
0
0
0
19
33
319
327
320
809
612
866
405
224
322
375
169
22
0
0
0
0
0
0
0
0
0
0
24
138
385
395
512
909
723
1022
577
814
536
214
198
28
0
0
0
0
0
0
0
0
0
0
31
204
420
648
858
1019
1107
1107
1019
858
648
420
204
36
0
0
0
0
0
0
0
0
0
0
27
196
380
595
804
1002
1070
1078
954
831
594
417
192
34
0
0
0
0
0
0
0
0
0
0
23
187
340
374
864
742
948
835
751
548
479
383
187
27
0
0
0
0
0
0
0
0
0
0
16
93
306
325
488
574
585
878
795
363
484
369
85
20
0
0
0
0
0
0
0
0
0
0
11
133
307
271
261
707
471
382
433
279
362
271
154
14
0
0
0
0
0
0
0
0
0
0
20
169
348
581
740
1006
1101
877
814
681
556
375
156
26
0
0
0
0
0
0
0
0
0
0
18
147
394
613
659
933
904
929
965
764
559
314
164
23
0
0
0
0
0
0
0
0
0
0
15
76
371
443
423
921
673
957
547
775
283
313
177
20
0
0
0
0
0
0
0
0
0
0
9
107
246
121
340
452
755
625
390
413
98
181
92
10
0
0
0
0
0
0
0
0
0
0
12
143
274
592
687
568
587
680
948
615
506
371
137
17
0
0
0
0
0
0
0
0
0
0
5
4
74
251
441
453
100
310
454
372
225
181
48
6
0
0
0
0
0
0
0
0
0
0
2
6
56
25
225
251
279
61
191
205
152
16
12
2
0
0
0
0
0
0
0
0
0
0
7
92
207
340
465
608
656
756
283
357
492
99
149
10
0
0
0
0
0
0
0
0
0
0
4
33
40
171
315
472
544
529
397
203
112
58
37
5
0
0
0
0
0
0
0
0
0
0
10
130
329
598
662
953
997
958
792
687
544
365
145
14
0
0
0
0
0
0
0
0
0
0
9
132
257
522
718
771
614
1005
709
793
324
301
82
11
0
0
0
0
0
0
0
0
0
0
3
94
46
309
232
246
192
444
225
318
307
161
105
4
0
0
0
0
0
0
0
0
0
0
3
88
209
52
261
317
433
412
388
175
302
171
100
4
0
0
0
0
0
0
0
0
0
0
1
62
0
133
50
326
435
247
290
130
149
44
1
3
0
0
0
0
0
0
0
0
0
0
1
0
105
73
315
292
161
64
316
30
138
92
43
2
0
0
0
0
0
0
0
0
0
0
3
129
103
201
365
391
244
530
548
311
417
184
40
5
0
0
0
0
0
0
0
0
0
0
3
52
257
382
745
588
475
972
682
509
405
129
79
7
0
0
0
0
0
0
0
0
0
0
3
71
331
363
704
735
714
465
500
612
363
101
66
5
0
0
0
0
0
0
0
0
0
0
0
46
208
438
528
678
516
916
587
433
569
252
129
5
0
0
0
0
0
0
0
0
0
0
0
94
203
166
210
691
636
862
613
501
243
154
38
0
0
0
0
0
0
0
0
0
0
0
0
39
120
78
86
236
363
346
286
58
73
101
2
0
0
0
0
0
0
0
0
0
0
0
0
127
236
354
499
761
702
523
544
665
346
216
135
0
0
0
0
0
0
0
0
0
0
0
0
106
160
350
352
452
331
456
640
604
153
175
74
0
0
0
0
0
0
0
0
0
0
0
0
17
134
399
167
262
786
553
750
245
340
225
71
0
0
0
0
0
0
0
0
0
0
0
0
60
291
297
641
696
983
864
540
566
373
307
70
0
0
0
0
0
0
0
0
0
0
0
0
70
23
351
241
182
607
329
84
326
184
193
12
0
0
0
0
0
0
0
0
0
0
0
0
57
227
451
557
856
798
717
797
642
367
161
84
0
0
0
0
0
0
0
0
0
0
0
0
74
164
316
152
190
731
843
632
167
153
233
44
0
0
0
0
0
0
0
0
0
0
0
0
3
64
177
79
139
199
256
257
91
197
139
43
0
0
0
0
0
0
0
0
0
0
0
0
0
85
105
131
194
64
141
138
125
68
65
17
0
0
0
0
0
0
0
0
0
0
0
0
54
237
226
653
609
625
465
785
521
321
129
65
0
0
0
0
0
0
0
0
0
0
0
0
41
216
145
619
617
356
493
253
415
333
250
81
0
0
0
0
0
0
0
0
0
0
0
0
80
252
508
676
854
881
940
716
667
460
279
98
0
0
0
0
0
0
0
0
0
0
0
0
32
302
258
372
767
822
555
798
408
212
260
72
0
0
0
0
0
0
0
0
0
0
0
0
68
151
353
625
690
572
687
832
628
426
229
101
0
0
0
0
0
0
0
0
0
0
0
0
31
254
305
333
554
637
727
525
250
369
208
57
0
0
0
0
0
0
0
0
0
0
0
0
48
59
444
339
403
400
814
606
368
95
50
7
0
0
0
0
0
0
0
0
0
0
0
0
60
187
358
396
714
886
769
485
581
338
265
57
0
0
0
0
0
0
0
0
0
0
0
0
53
135
404
397
768
537
735
628
618
438
176
57
0
0
0
0
0
0
0
0
0
0
0
0
50
138
305
620
476
616
689
536
544
304
182
57
0
0
0
0
0
0
0
0
0
0
0
0
39
212
264
393
374
642
758
279
210
281
227
46
0
0
0
0
0
0
0
0
0
0
0
0
40
77
400
509
602
768
445
496
283
137
160
47
0
0
0
0
0
0
0
0
0
0
0
0
58
239
437
616
831
834
790
764
556
420
268
65
0
0
0
0
0
0
0
0
0
0
0
0
55
265
430
548
760
930
817
685
690
381
223
64
0
0
0
0
0
0
0
0
0
0
0
0
58
253
468
673
834
922
922
834
673
468
253
69
0
0
0
0
0
0
0
0
0
0
0
0
31
50
274
215
634
392
521
483
565
176
237
36
0
0
0
0
0
0
0
0
0
0
0
0
24
51
354
331
226
279
652
294
490
95
51
28
0
0
0
0
0
0
0
0
0
0
0
0
29
47
385
411
301
539
405
616
441
346
153
35
0
0
0
0
0
0
0
0
0
0
0
0
25
122
357
429
385
265
286
462
526
228
155
30
0
0
0
0
0
0
0
0
0
0
0
0
28
227
185
436
470
776
572
252
291
278
59
32
0
0
0
0
0
0
0
0
0
0
0
0
29
143
352
487
622
475
411
646
393
251
150
33
0
0
0
0
0
0
0
0
0
0
0
0
40
196
446
526
716
846
820
716
520
372
203
47
0
0
0
0
0
0
0
0
0
0
0
0
8
14
92
107
163
162
225
285
149
95
53
9
0
0
0
0
0
0
0
0
0
0
0
0
33
188
308
454
652
579
749
758
567
313
137
37
0
0
0
0
0
0
0
0
0
0
0
0
34
219
364
541
650
752
798
745
624
323
209
39
0
0
0
0
0
0
0
0
0
0
0
0
21
124
204
185
291
583
529
562
480
182
108
24
0
0
0
0
0
0
0
0
0
0
0
0
22
91
359
433
312
513
497
662
510
284
195
26
0
0
0
0
0
0
0
0
0
0
0
0
7
58
11
264
191
99
359
103
182
72
0
8
0
0
0
0
0
0
0
0
0
0
0
0
14
133
160
379
554
163
406
451
199
213
69
17
0
0
0
0
0
0
0
0
0
0
0
0
15
120
294
309
321
636
286
587
308
221
44
19
0
0
0
0
0
0
0
0
0
0
0
0
16
142
189
476
512
445
528
300
402
168
149
22
0
0
0
0
0
0
0
0
0
0
0
0
19
144
308
535
553
459
700
405
553
340
161
23
0
0
0
0
0
0
0
0
0
0
0
0
14
191
151
542
558
444
548
460
240
178
98
17
0
0
0
0
0
0
0
0
0
0
0
0
16
171
250
275
632
559
706
326
309
298
73
19
0
0
0
0
0
0
0
0
0
0
0
0
19
151
369
501
724
750
783
704
462
321
141
23
0
0
0
0
0
0
0
0
0
0
0
0
21
182
384
581
738
824
824
738
581
384
182
26
0
0
0
0
0
0
0
0
0
0
0
0
15
128
290
389
581
702
765
537
450
354
154
17
0
0
0
0
0
0
0
0
0
0
0
0
14
172
322
511
615
692
625
635
432
238
172
17
0
0
0
0
0
0
0
0
0
0
0
0
12
126
277
498
578
418
442
550
541
277
163
15
0
0
0
0
0
0
0
0
0
0
0
0
11
91
203
370
578
639
657
516
407
328
127
15
0
0
0
0
0
0
0
0
0
0
0
0
11
99
276
310
710
481
524
559
438
379
122
15
0
0
0
0
0
0
0
0
0
0
0
0
9
44
141
289
498
658
554
637
229
171
77
12
0
0
0
0
0
0
0
0
0
0
0
0
7
47
133
436
472
443
693
329
399
102
136
9
0
0
0
0
0
0
0
0
0
0
0
0
3
101
209
275
193
72
244
282
58
174
98
4
0
0
0
0
0
0
0
0
0
0
0
0
3
84
181
352
255
129
288
458
230
125
87
5
0
0
0
0
0
0
0
0
0
0
0
0
5
25
315
349
441
569
229
378
237
161
115
7
0
0
0
0
0
0
0
0
0
0
0
0
4
82
221
339
466
532
441
409
294
297
66
7
0
0
0
0
0
0
0
0
0
0
0
0
3
93
253
317
268
370
268
220
331
176
112
4
0
0
0
0
0
0
0
0
0
0
0
0
4
59
191
455
242
581
355
428
211
261
128
6
0
0
0
0
0
0
0
0
0
0
0
0
0
43
10
89
199
274
303
44
73
26
5
2
0
0
0
0
0
0
0
0
0
0
0
0
0
15
36
57
74
84
84
74
57
36
15
0
0
0
0
0
0
0
0
0
0
0
0
0
0
34
38
67
142
119
78
40
117
51
10
0
0
0
0
0
0
0
0
0
0
0
0
0
1
11
49
225
112
170
98
269
181
107
28
2
0
0
0
0
0
0
0
0
0
0
0
0
0
122
286
452
629
676
558
553
405
261
128
0
0
0
0
0
0
0
0
0
0
0
0
0
0
19
55
229
437
586
342
412
131
161
114
0
0
0
0
0
0
0
0
0
0
0
0
0
0
37
196
187
550
365
373
569
414
250
114
0
0
0
0
0
0
0
0
0
0
0
0
0
0
117
256
366
579
699
640
571
414
257
108
0
0
0
0
0
0
0
0
0
0
0
0
0
0
105
280
412
472
646
636
590
348
191
92
0
0
0
0
0
0
0
0
0
0
0
0
0
0
94
309
452
561
575
557
544
442
244
99
0
0
0
0
0
0
0
0
0
0
0
0
0
0
89
236
250
332
364
532
517
375
297
42
0
0
0
0
0
0
0
0
0
0
0
0
0
0
4
175
49
378
150
175
170
209
178
42
0
0
0
0
0
0
0
0
0
0
0
0
0
0
47
151
373
232
355
269
527
383
144
38
0
0
0
0
0
0
0
0
0
0
0
0
0
0
74
173
399
378
613
430
514
463
302
100
0
0
0
0
0
0
0
0
0
0
0
0
0
0
66
246
395
462
537
396
273
179
94
90
0
0
0
0
0
0
0
0
0
0
0
0
0
0
28
172
278
238
504
246
449
376
238
68
0
0
0
0
0
0
0
0
0
0
0
0
0
0
71
270
378
569
545
638
465
432
256
95
0
0
0
0
0
0
0
0
0
0
0
0
0
0
63
221
316
483
357
309
389
347
225
62
0
0
0
0
0
0
0
0
0
0
0
0
0
0
80
243
212
512
625
397
461
308
118
72
0
0
0
0
0
0
0
0
0
0
0
0
0
0
36
213
361
461
311
485
240
149
115
43
0
0
0
0
0
0
0
0
0
0
0
0
0
0
70
146
414
377
652
405
526
285
224
72
0
0
0
0
0
0
0
0
0
0
0
0
0
0
40
124
360
196
373
570
264
400
142
86
0
0
0
0
0
0
0
0
0
0
0
0
0
0
19
3
152
53
68
253
191
135
48
40
0
0
0
0
0
0
0
0
0
0
0
0
0
0
1
102
80
94
412
171
326
221
193
56
0
0
0
0
0
0
0
0
0
0
0
0
0
0
68
95
176
473
483
175
145
241
193
37
0
0
0
0
0
0
0
0
0
0
0
0
0
0
0
59
184
181
141
318
151
140
164
46
0
0
0
0
0
0
0
0
0
0
0
0
0
0
48
179
179
270
333
410
280
299
197
66
0
0
0
0
0
0
0
0
0
0
0
0
0
0
73
195
418
478
560
581
472
376
251
68
0
0
0
0
0
0
0
0
0
0
0
0
0
0
48
201
418
453
514
529
389
426
234
51
0
0
0
0
0
0
0
0
0
0
0
0
0
0
32
90
191
323
329
97
298
220
69
31
0
0
0
0
0
0
0
0
0
0
0
0
0
0
69
199
286
391
353
582
442
242
233
75
0
0
0
0
0
0
0
0
0
0
0
0
0
0
58
47
306
439
259
198
143
260
199
47
0
0
0
0
0
0
0
0
0
0
0
0
0
0
40
175
259
158
218
391
305
307
66
66
0
0
0
0
0
0
0
0
0
0
0
0
0
0
61
155
110
232
430
330
354
240
124
19
0
0
0
0
0
0
0
0
0
0
0
0
0
0
3
42
42
310
272
135
301
47
95
26
0
0
0
0
0
0
0
0
0
0
0
0
0
0
18
42
105
236
335
430
311
269
90
30
0
0
0
0
0
0
0
0
0
0
0
0
0
0
31
155
195
232
343
142
310
207
169
10
0
0
0
0
0
0
0
0
0
0
0
0
0
0
26
26
242
98
250
306
239
136
67
34
0
0
0
0
0
0
0
0
0
0
0
0
0
0
42
107
156
331
558
357
233
375
197
34
0
0
0
0
0
0
0
0
0
0
0
0
0
0
19
74
147
163
190
308
41
149
37
25
0
0
0
0
0
0
0
0
0
0
0
0
0
0
35
120
244
388
237
164
377
317
130
59
0
0
0
0
0
0
0
0
0
0
0
0
0
0
35
195
220
256
223
268
286
310
202
16
0
0
0
0
0
0
0
0
0
0
0
0
0
0
20
133
161
66
257
170
225
125
63
0
0
0
0
0
0
0
0
0
0
0
0
0
0
0
8
30
52
69
80
80
69
52
30
8
0
0
0
0
0
0
0
0
0
0
0
0
0
0
43
215
382
332
446
379
215
293
123
66
0
0
0
0
0
0
0
0
0
0
0
0
0
0
41
135
259
470
395
392
411
169
159
43
0
0
0
0
0
0
0
0
0
0
0
0
0
0
27
121
138
118
347
202
347
61
177
3
0
0
0
0
0
0
0
0
0
0
0
0
0
0
19
3
82
218
156
287
137
156
16
14
0
0
0
0
0
0
0
0
0
0
0
0
0
0
27
102
187
128
338
395
170
212
70
9
0
0
0
0
0
0
0
0
0
0
0
0
0
0
43
189
241
327
341
344
461
311
108
54
0
0
0
0
0
0
0
0
0
0
0
0
0
0
56
210
313
426
481
591
517
366
208
66
0
0
0
0
0
0
0
0
0
0
0
0
0
0
56
198
319
455
590
469
519
389
226
53
0
0
0
0
0
0
0
0
0
0
0
0
0
0
46
219
344
449
595
291
260
273
104
39
0
0
0
0
0
0
0
0
0
0
0
0
0
0
35
165
298
134
451
195
349
152
190
15
0
0
0
0
0
0
0
0
0
0
0
0
0
0
43
163
245
430
326
467
245
286
218
46
0
0
0
0
0
0
0
0
0
0
0
0
0
0
40
153
261
242
359
396
330
328
153
51
0
0
0
0
0
0
0
0
0
0
0
0
0
0
50
143
226
488
527
586
340
326
139
54
0
0
0
0
0
0
0
0
0
0
0
0
0
0
51
241
233
435
414
538
519
223
151
67
0
0
0
0
0
0
0
0
0
0
0
0
0
0
49
164
297
390
496
496
509
293
155
63
0
0
0
0
0
0
0
0
0
0
0
0
0
0
22
70
131
225
216
115
293
164
53
42
0
0
0
0
0
0
0
0
0
0
0
0
0
0
26
13
61
257
349
231
273
122
98
52
0
0
0
0
0
0
0
0
0
0
0
0
0
0
36
76
170
371
280
263
368
235
208
38
0
0
0
0
0
0
0
0
0
0
0
0
0
0
27
120
150
154
330
219
247
249
81
37
0
0
0
0
0
0
0
0
0
0
0
0
0
0
50
126
236
479
505
412
487
297
133
36
0
0
0
0
0
0
0
0
0
0
0
0
0
0
25
98
110
342
189
267
105
177
31
31
0
0
0
0
0
0
0
0
0
0
0
0
0
0
8
142
177
238
326
65
57
97
124
4
0
0
0
0
0
0
0
0
0
0
0
0
0
0
17
43
273
308
186
365
247
145
124
2
0
0
0
0
0
0
0
0
0
0
0
0
0
0
24
178
275
491
234
546
208
297
188
19
0
0
0
0
0
0
0
0
0
0
0
0
0
0
72
189
332
446
510
426
379
315
236
76
0
0
0
0
0
0
0
0
0
0
0
0
0
0
41
89
367
481
220
457
311
171
117
26
0
0
0
0
0
0
0
0
0
0
0
0
0
0
45
151
285
205
353
126
101
76
160
31
0
0
0
0
0
0
0
0
0
0
0
0
0
0
63
134
281
466
335
587
523
366
167
52
0
0
0
0
0
0
0
0
0
0
0
0
0
0
73
247
410
553
622
626
551
413
246
81
0
0
0
0
0
0
0
0
0
0
0
0
0
0
9
63
101
62
79
161
33
56
7
6
0
0
0
0
0
0
0
0
0
0
0
0
0
0
64
177
343
535
592
553
399
398
191
74
0
0
0
0
0
0
0
0
0
0
0
0
0
0
42
138
407
373
542
504
298
392
208
75
0
0
0
0
0
0
0
0
0
0
0
0
0
0
71
196
300
443
569
459
519
455
204
96
0
0
0
0
0
0
0
0
0
0
0
0
0
0
53
197
223
523
309
503
472
332
116
94
0
0
0
0
0
0
0
0
0
0
0
0
0
0
68
103
203
206
312
541
518
290
172
90
0
0
0
0
0
0
0
0
0
0
0
0
0
0
71
157
266
506
628
440
504
341
168
90
0
0
0
0
0
0
0
0
0
0
0
0
0
0
1
67
327
212
322
103
158
331
188
23
0
0
0
0
0
0
0
0
0
0
0
0
0
0
50
75
86
156
329
386
88
43
124
37
0
0
0
0
0
0
0
0
0
0
0
0
0
0
54
78
164
99
371
316
109
128
153
17
0
0
0
0
0
0
0
0
0
0
0
0
0
0
23
194
239
523
398
567
201
348
106
95
0
0
0
0
0
0
0
0
0
0
0
0
0
0
70
287
338
468
662
524
608
381
235
78
0
0
0
0
0
0
0
0
0
0
0
0
0
0
101
275
450
590
668
668
590
450
275
101
0
0
0
0
0
0
0
0
0
0
0
0
0
0
6
106
70
219
404
261
288
73
37
51
0
0
0
0
0
0
0
0
0
0
0
0
0
0
6
79
121
224
312
92
124
144
156
60
0
0
0
0
0
0
0
0
0
0
0
0
0
0
1
43
168
225
128
186
129
188
27
3
0
0
0
0
0
0
0
0
0
0
0
0
0
0
20
37
157
209
268
201
184
274
158
21
0
0
0
0
0
0
0
0
0
0
0
0
0
0
82
48
261
253
459
265
367
414
84
52
0
0
0
0
0
0
0
0
0
0
0
0
0
0
93
302
434
578
513
458
496
281
274
67
0
0
0
0
0
0
0
0
0
0
0
0
0
0
65
179
344
362
588
653
567
368
277
115
0
0
0
0
0
0
0
0
0
0
0
0
0
0
68
29
309
386
442
231
417
76
26
25
0
0
0
0
0
0
0
0
0
0
0
0
0
0
50
81
188
26
142
127
215
22
52
33
0
0
0
0
0
0
0
0
0
0
0
0
0
0
57
253
342
245
270
446
512
417
261
125
0
0
0
0
0
0
0
0
0
0
0
0
0
0
15
38
61
79
89
89
79
61
38
15
0
0
0
0
0
0
0
0
0
0
0
0
0
0
68
141
239
45
126
241
220
153
173
40
1
0
0
0
0
0
0
0
0
0
0
0
0
0
25
167
165
138
123
316
254
272
152
10
2
0
0
0
0
0
0
0
0
0
0
0
0
0
9
176
44
92
104
404
307
109
190
78
2
0
0
0
0
0
0
0
0
0
0
0
0
0
90
280
340
614
620
578
505
360
178
133
8
0
0
0
0
0
0
0
0
0
0
0
0
4
101
248
207
399
406
692
612
270
168
74
8
0
0
0
0
0
0
0
0
0
0
0
0
2
53
182
376
346
381
273
130
157
83
96
5
0
0
0
0
0
0
0
0
0
0
0
0
0
17
40
63
81
91
91
81
63
40
17
0
0
0
0
0
0
0
0
0
0
0
0
0
1
64
88
27
229
92
285
173
127
97
57
2
0
0
0
0
0
0
0
0
0
0
0
0
5
57
256
383
355
580
566
568
221
118
58
10
0
0
0
0
0
0
0
0
0
0
0
0
10
155
348
538
689
773
773
689
538
348
155
16
0
0
0
0
0
0
0
0
0
0
0
0
2
40
37
109
208
233
77
230
121
10
38
3
0
0
0
0
0
0
0
0
0
0
0
0
3
66
40
67
304
120
258
163
103
140
82
4
0
0
0
0
0
0
0
0
0
0
0
0
7
104
271
328
471
451
339
322
352
110
74
9
0
0
0
0
0
0
0
0
0
0
0
0
5
71
203
72
164
330
425
207
361
119
80
8
0
0
0
0
0
0
0
0
0
0
0
0
5
42
31
301
345
293
84
358
270
91
75
6
0
0
0
0
0
0
0
0
0
0
0
0
10
94
130
385
589
581
467
471
342
224
58
15
0
0
0
0
0
0
0
0
0
0
0
0
11
82
305
240
442
399
406
547
504
366
55
15
0
0
0
0
0
0
0
0
0
0
0
0
9
55
81
292
547
330
216
567
242
266
102
12
0
0
0
0
0
0
0
0
0
0
0
0
11
68
175
264
458
383
676
346
304
185
83
14
0
0
0
0
0
0
0
0
0
0
0
0
17
180
221
483
694
504
604
722
362
300
176
22
0
0
0
0
0
0
0
0
0
0
0
0
20
185
383
526
590
659
781
617
580
363
163
26
0
0
0
0
0
0
0
0
0
0
0
0
19
113
321
329
455
724
680
585
430
294
116
22
0
0
0
0
0
0
0
0
0
0
0
0
20
149
314
540
613
641
640
513
450
286
172
25
0
0
0
0
0
0
0
0
0
0
0
0
16
93
188
458
520
646
694
304
246
227
116
20
0
0
0
0
0
0
0
0
0
0
0
0
26
147
359
589
636
754
741
674
580
294
144
31
0
0
0
0
0
0
0
0
0
0
0
0
22
92
407
300
412
727
691
382
501
188
135
26
0
0
0
0
0
0
0
0
0
0
0
0
18
126
112
529
366
488
414
659
487
202
109
23
0
0
0
0
0
0
0
0
0
0
0
0
7
49
24
196
210
60
265
146
136
189
51
9
0
0
0
0
0
0
0
0
0
0
0
0
16
67
254
278
528
285
288
380
245
236
89
19
0
0
0
0
0
0
0
0
0
0
0
0
28
181
350
489
746
643
575
587
569
225
108
34
0
0
0
0
0
0
0
0
0
0
0
0
24
102
289
340
689
564
361
313
578
373
196
29
0
0
0
0
0
0
0
0
0
0
0
0
7
66
93
221
210
104
70
98
213
71
50
8
0
0
0
0
0
0
0
0
0
0
0
0
15
17
260
118
441
224
494
188
231
45
4
16
0
0
0
0
0
0
0
0
0
0
0
0
11
40
115
302
222
56
272
198
246
97
29
13
0
0
0
0
0
0
0
0
0
0
0
0
8
90
130
124
241
156
95
227
90
21
80
9
0
0
0
0
0
0
0
0
0
0
0
0
17
119
280
290
149
434
127
330
207
23
91
19
0
0
0
0
0
0
0
0
0
0
0
0
28
219
338
366
701
278
240
523
161
362
115
33
0
0
0
0
0
0
0
0
0
0
0
0
23
11
272
307
570
363
312
144
301
176
76
25
0
0
0
0
0
0
0
0
0
0
0
0
17
142
97
334
376
281
257
128
87
230
66
19
0
0
0
0
0
0
0
0
0
0
0
0
34
117
432
179
256
542
787
238
411
400
189
39
0
0
0
0
0
0
0
0
0
0
0
0
31
88
100
408
458
535
729
452
266
133
41
35
0
0
0
0
0
0
0
0
0
0
0
0
50
165
393
512
537
604
852
731
655
247
141
57
0
0
0
0
0
0
0
0
0
0
0
0
56
197
428
509
758
831
828
631
649
471
237
65
0
0
0
0
0
0
0
0
0
0
0
0
58
191
466
460
501
593
642
868
686
353
174
62
0
0
0
0
0
0
0
0
0
0
0
0
43
259
160
464
554
348
750
489
529
354
195
29
0
0
0
0
0
0
0
0
0
0
0
0
33
41
67
371
536
577
191
385
335
305
177
57
0
0
0
0
0
0
0
0
0
0
0
0
25
35
288
307
444
394
217
280
89
91
130
54
0
0
0
0
0
0
0
0
0
0
0
0
18
56
309
412
362
214
578
132
105
148
118
12
0
0
0
0
0
0
0
0
0
0
0
0
10
158
179
328
402
563
341
631
212
232
101
6
0
0
0
0
0
0
0
0
0
0
0
0
79
240
492
685
801
877
829
715
695
403
233
82
0
0
0
0
0
0
0
0
0
0
0
0
60
161
201
343
350
701
675
407
401
368
240
36
0
0
0
0
0
0
0
0
0
0
0
0
14
127
44
263
105
218
275
105
270
139
3
10
0
0
0
0
0
0
0
0
0
0
0
0
67
267
299
531
706
741
785
827
582
385
146
57
0
0
0
0
0
0
0
0
0
0
0
0
66
119
307
605
442
745
421
612
587
446
216
86
0
0
0
0
0
0
0
0
0
0
0
0
92
250
489
675
856
917
911
763
650
485
287
102
0
0
0
0
0
0
0
0
0
0
0
0
52
198
460
708
559
686
936
556
692
306
196
72
0
0
0
0
0
0
0
0
0
0
0
0
46
194
460
226
444
702
343
652
582
312
175
66
0
0
0
0
0
0
0
0
0
0
0
0
71
196
158
137
195
344
404
532
194
227
60
3
0
0
0
0
0
0
0
0
0
0
0
0
82
246
374
279
272
714
684
225
289
131
74
8
0
0
0
0
0
0
0
0
0
0
0
0
14
66
115
361
317
319
534
97
319
61
193
18
0
0
0
0
0
0
0
0
0
0
0
0
26
115
113
177
71
84
289
175
131
124
13
46
0
0
0
0
0
0
0
0
0
0
0
0
62
86
277
492
652
664
334
493
623
346
134
46
0
0
0
0
0
0
0
0
0
0
0
0
102
158
224
601
801
646
605
561
435
261
213
74
0
0
0
0
0
0
0
0
0
0
0
0
102
317
497
712
918
838
889
870
742
528
269
102
0
0
0
0
0
0
0
0
0
0
0
0
144
262
446
693
813
873
963
801
707
586
268
121
0
0
0
0
0
0
0
0
0
0
0
0
98
330
456
631
548
735
528
619
680
552
344
116
5
0
0
0
0
0
0
0
0
0
0
2
74
131
314
317
805
446
733
599
393
384
323
102
5
0
0
0
0
0
0
0
0
0
0
4
136
293
493
690
848
987
899
850
745
441
323
110
9
0
0
0
0
0
0
0
0
0
0
4
66
169
437
456
784
749
762
602
651
577
146
91
8
0
0
0
0
0
0
0
0
0
0
3
38
289
214
557
602
423
556
708
260
421
116
54
5
0
0
0
0
0
0
0
0
0
0
6
158
366
480
515
864
788
941
641
705
496
233
84
8
0
0
0
0
0
0
0
0
0
0
1
21
130
234
187
89
199
109
221
341
195
135
69
2
0
0
0
0
0
0
0
0
0
0
3
76
48
122
272
498
399
117
389
196
285
204
92
5
0
0
0
0
0
0
0
0
0
0
5
109
43
263
396
540
781
195
192
510
445
200
52
6
0
0
0
0
0
0
0
0
0
0
5
96
186
156
360
419
709
538
597
436
275
135
70
8
0
0
0
0
0
0
0
0
0
0
3
38
25
240
325
59
191
404
226
238
223
81
4
4
0
0
0
0
0
0
0
0
0
0
6
66
76
421
275
648
270
476
629
334
269
157
57
9
0
0
0
0
0
0
0
0
0
0
3
16
145
150
190
84
323
283
183
158
76
24
60
3
0
0
0
0
0
0
0
0
0
0
7
120
290
111
621
336
288
640
614
136
370
80
99
10
0
0
0
0
0
0
0
0
0
0
9
155
321
154
141
278
352
470
764
462
321
328
50
11
0
0
0
0
0
0
0
0
0
0
12
145
366
542
494
429
919
888
479
309
449
257
163
15
0
0
0
0
0
0
0
0
0
0
10
59
163
183
531
683
533
547
405
432
332
279
84
13
0
0
0
0
0
0
0
0
0
0
13
147
181
559
292
832
445
594
549
662
246
192
32
15
0
0
0
0
0
0
0
0
0
0
13
68
145
461
325
395
657
625
859
257
515
388
90
16
0
0
0
0
0
0
0
0
0
0
10
140
229
110
315
264
431
656
669
373
280
274
20
13
0
0
0
0
0
0
0
0
0
0
18
77
399
570
544
448
782
944
460
569
382
280
192
21
0
0
0
0
0
0
0
0
0
0
17
158
309
270
766
457
557
962
392
618
559
344
120
20
0
0
0
0
0
0
0
0
0
0
16
191
133
248
329
427
886
729
621
565
419
391
44
21
0
0
0
0
0
0
0
0
0
0
22
157
220
366
539
851
914
903
606
767
649
373
165
27
0
0
0
0
0
0
0
0
0
0
26
151
286
514
699
884
722
713
712
871
628
411
144
30
0
0
0
0
0
0
0
0
0
0
23
78
184
336
541
818
861
953
660
783
433
321
76
26
0
0
0
0
0
0
0
0
0
0
29
191
331
588
660
1025
1042
948
910
646
574
323
177
37
0
0
0
0
0
0
0
0
0
0
27
160
261
644
552
782
1027
746
844
510
587
307
100
31
0
0
0
0
0
0
0
0
0
0
22
194
142
520
708
798
526
924
375
626
206
222
121
27
0
0
0
0
0
0
0
0
0
0
34
193
369
668
678
966
913
1047
846
688
575
381
212
40
0
0
0
0
0
0
0
0
0
0
21
53
282
400
491
724
659
639
607
264
262
186
160
25
0
0
0
0
0
0
0
0
0
0
25
124
411
473
302
737
988
886
507
364
233
263
66
29
0
0
0
0
0
0
0
0
0
0
18
71
301
321
592
690
568
303
393
342
160
138
151
22
0
0
0
0
0
0
0
0
0
0
23
113
237
201
743
612
487
426
379
491
379
306
190
27
0
0
0
0
0
0
0
0
0
0
21
157
285
97
526
438
658
526
441
152
409
94
140
24
0
0
0
0
0
0
0
0
0
0
35
110
286
519
499
1004
759
796
976
723
450
343
152
40
0
0
0
0
0
0
0
0
0
0
32
144
196
626
787
502
940
829
838
444
309
323
171
38
0
0
0
0
0
0
0
0
0
0
9
88
81
234
186
52
144
167
348
90
224
60
72
10
0
0
0
0
0
0
0
0
0
0
31
152
283
359
560
484
466
352
942
371
624
202
223
34
0
0
0
0
0
0
0
0
0
0
31
162
343
517
657
329
480
709
902
660
222
405
54
35
0
0
0
0
0
0
0
0
0
0
44
162
369
605
675
637
1047
843
999
658
520
464
163
50
0
0
0
0
0
0
0
0
0
0
30
66
173
412
227
846
379
919
453
456
543
141
176
34
0
0
0
0
0
0
0
0
0
0
35
247
233
587
764
666
498
638
569
311
592
350
169
41
0
0
0
0
0
0
0
0
0
0
37
98
199
514
760
869
1036
542
794
449
256
196
145
43
0
0
0
0
0
0
0
0
0
0
45
163
327
685
882
1028
902
671
593
546
546
459
149
51
0
0
0
0
0
0
0
0
0
0
42
182
346
334
772
561
739
945
798
681
557
234
230
47
0
0
0
0
0
0
0
0
0
0
26
56
202
251
550
605
220
539
649
268
515
212
21
29
0
0
0
0
0
0
0
0
0
0
16
93
68
170
172
389
94
253
414
314
133
107
40
18
0
0
0
0
0
0
0
0
0
0
23
125
103
229
217
215
608
585
471
176
356
156
93
27
0
0
0
0
0
0
0
0
0
0
30
138
326
249
374
595
290
215
553
496
533
266
195
33
0
0
0
0
0
0
0
0
0
0
36
233
175
565
415
499
661
519
388
369
496
196
243
41
0
0
0
0
0
0
0
0
0
0
30
185
191
299
509
165
415
790
756
402
171
264
79
4
0
0
0
0
0
0
0
0
0
0
43
243
320
496
518
613
946
884
485
687
278
328
96
62
0
0
0
0
0
0
0
0
0
0
43
194
302
643
308
549
1012
824
370
419
543
461
123
65
0
0
0
0
0
0
0
0
0
0
62
267
432
657
692
811
1020
1105
984
852
560
433
261
62
0
0
0
0
0
0
0
0
0
0
46
105
277
624
438
411
410
778
885
692
505
430
70
79
0
0
0
0
0
0
0
0
0
0
43
95
206
506
678
952
762
722
731
290
421
180
79
65
0
0
0
0
0
0
0
0
0
0
50
183
227
355
350
713
623
705
924
673
585
442
120
48
0
0
0
0
0
0
0
0
0
0
39
64
84
333
275
478
883
513
718
503
512
345
164
75
0
0
0
0
0
0
0
0
0
0
49
183
219
436
659
956
587
932
611
637
324
394
157
80
0
0
0
0
0
0
0
0
0
0
37
183
151
602
660
944
587
562
351
336
397
315
262
55
0
0
0
0
0
0
0
0
0
0
58
127
429
305
553
896
862
449
926
499
604
202
101
29
0
0
0
0
0
0
0
0
0
0
49
248
143
218
629
294
846
551
691
485
196
151
151
51
0
0
0
0
0
0
0
0
0
0
16
99
354
368
759
747
300
730
437
324
305
76
25
45
0
0
0
0
0
0
0
0
0
0
65
198
441
572
614
618
365
495
636
710
411
106
109
69
0
0
0
0
0
0
0
0
0
0
75
92
309
473
427
600
591
817
870
507
383
344
217
51
0
0
0
0
0
0
0
0
0
0
68
276
363
455
807
755
736
854
1013
500
371
421
229
34
0
0
0
0
0
0
0
0
0
0
60
240
423
677
758
955
1025
1015
1033
858
712
419
248
69
0
0
0
0
0
0
0
0
0
0
32
169
84
449
568
504
794
199
422
533
272
292
35
49
0
0
0
0
0
0
0
0
0
0
71
221
398
715
745
882
840
747
712
842
525
337
162
88
0
0
0
0
0
0
0
0
0
0
62
209
447
633
744
1007
967
971
1002
866
671
463
226
71
0
0
0
0
0
0
0
0
0
0
61
247
429
659
661
677
1066
802
734
726
596
388
172
42
0
0
0
0
0
0
0
0
0
0
24
178
156
198
620
291
969
958
525
330
636
300
189
16
0
0
0
0
0
0
0
0
0
0
21
245
157
322
663
597
513
1054
619
489
573
156
262
70
0
0
0
0
0
0
0
0
0
0
24
45
258
374
538
422
757
693
460
764
186
176
215
30
0
0
0
0
0
0
0
0
0
0
75
254
446
624
760
890
1140
922
924
877
695
389
214
84
0
0
0
0
0
0
0
0
0
0
79
99
342
512
438
812
1050
719
1022
541
361
377
105
65
0
0
0
0
0
0
0
0
0
0
71
247
390
448
676
1030
1144
787
738
574
603
290
175
67
0
0
0
0
0
0
0
0
0
0
25
86
22
44
334
431
223
439
187
310
69
33
27
27
0
0
0
0
0
0
0
0
0
0
21
35
91
208
426
236
130
500
83
396
187
162
98
40
0
0
0
0
0
0
0
0
0
0
19
60
110
421
531
275
761
359
572
647
228
110
82
57
0
0
0
0
0